6.7 50.2 1.0 1
-17.3 64.4 0.8 2
-26.0 37.9 0.5 3
2.7 45.1 -0.2 4
15.0 37.8 0.0 5
101.0 51.0 0.2 6
110.0 20.0 0.0 7
5.6 23.3 0.3 8
17.5 20.8 0.2 9
24.2 13.0 0.5 10
39.5 7.0 0.2 11
5.1 -2.0 0.3 12
-17.3 32.6 0.3 13
-18.0 28.2 1.0 14
-29.2 29.4 0.8 15
-24.0 16.0 0.2 16
-9.5 -16.5 1.0 17
-12.3 -37.2 0.0 18
-10.0 -40.3 0.8 19
6.3 -32.1 -0.2 20
-2.7 -43.0 1.0 21
1.0 -51.4 0.3 22
55.7 -21.2 0.8 23
43.3 -11.5 0.5 24
37.5 -3.0 -0.2 25
29.4 -1.5 -0.2 26
33.9 -8.3 -0.1 27
37.6 -46.9 0.5 28
50.2 -46.1 0.8 29
40.0 -52.2 1.0 30
69.0 -49.6 0.2 31
73.5 -53.1 0.2 32
164.8 -67.6 0.2 33
-178.8 -68.8 0.2 34
167.2 -77.5 0.0 35
-90.6 -68.8 -0.2 36
-28.8 -20.5 1.0 37
-32.4 -3.8 1.0 38
-14.3 -7.9 -0.2 39
-61.0 5.0 -0.2 40
-17.3 64.4 0.8 41
-64.3 32.6 0.3 42
-110.4 44.5 0.8 43
-104.1 36.8 1.0 44
-26.0 37.9 0.3 45
166.0 67.0 -0.3 46
159.8 -34.7 0.8 47
155.5 -40.4 0.8 48
146.0 -40.8 0.3 49
94.5 -17.0 0.2 50
-81.8 -33.9 1.0 51
-80.1 -26.4 0.3 52
-106.5 -26.4 1.0 53
-91.6 -0.4 1.0 54
-91.6 -0.4 0.5 55
-140.6 -53.6 1.0 56
-111.1 -37.7 1.0 57
-140.3 -29.0 1.0 58
-150.7 -23.4 1.0 59
-143.3 -25.6 -0.2 60
-154.0 -22.2 0.8 61
-169.1 -14.5 0.8 62
-114.6 -26.9 0.8 63
-129.3 -25.4 1.0 64
-148.4 -18.2 0.8 65
-168.2 -14.5 0.8 66
-139.0 -10.5 0.5 67
164.4 4.8 1.0 68
-155.2 19.0 1.0 69
-114.5 27.7 0.8 70
-130.1 46.0 1.0 71
-134.8 53.0 0.8 72
