-30 2750 -4585.53607455123 2750.0 -1835.5360745502298
-28 2750 -4531.326216475383 2750.0 -1781.3262164743833
-26 2750 -4477.117470263154 2750.0 -1727.1174702621543
-24 2750 -4422.909767766818 2750.0 -1672.9097677658178
-22 2750 -4368.703035097977 2750.0 -1618.7030350969767
-20 2750 -4314.497511050984 2750.0 -1564.497511049984
-18 2750 -4260.293078830669 2750.0 -1510.2930788296694
-16 2750 -4206.089604290624 2750.0 -1456.0896042896243
-14 2750 -4151.88767224914 2750.0 -1401.8876722481405
-12 2750 -4097.687359274059 2750.0 -1347.6873592730594
-10 2750 -4043.4880976355053 2750.0 -1293.4880976345053
-8 2750 -3989.2897738758475 2750.0 -1239.2897738748475
-6 2750 -3935.094668323567 2750.0 -1185.094668322567
-4 2750 -3880.9008383148903 2750.0 -1130.9008383138903
-2 2750 -3826.708115812813 2750.0 -1076.708115811813
0 2750 -3772.5157916810567 2750.0 -1022.5157916800567
-30 2760 -4479.431757907078 2750.0 -1729.4317579060776
-28 2760 -4425.2252794920205 2750.0 -1675.2252794910205
-26 2760 -4371.0197294143145 2750.0 -1621.0197294133145
-24 2760 -4316.815534311638 2750.0 -1566.8155343106378
-22 2760 -4262.612355246718 2750.0 -1512.612355245718
-20 2760 -4208.410165474736 2750.0 -1458.4101654737356
-18 2760 -4154.209228190055 2750.0 -1404.209228189055
-16 2760 -4100.0096571905015 2750.0 -1350.0096571895015
-14 2760 -4045.8111910417792 2750.0 -1295.8111910407792
-12 2760 -3991.613885430008 2750.0 -1241.613885429008
-10 2760 -3937.4180071844166 2750.0 -1187.4180071834166
-8 2760 -3883.223154634936 2750.0 -1133.2231546339358
-6 2760 -3829.029418664766 2750.0 -1079.0294186637661
-4 2760 -3774.836655472798 2750.0 -1024.8366554717982
-2 2760 -3720.6456103537203 2750.0 -970.6456103527203
0 2760 -3666.4555725677346 2750.0 -916.4555725667346
-30 2770 -4373.338715659294 2750.0 -1623.3387156582944
-28 2770 -4319.134801238266 2750.0 -1569.134801237266
-26 2770 -4264.932007887386 2750.0 -1514.9320078863861
-24 2770 -4210.730141608918 2750.0 -1460.7301416079176
-22 2770 -4156.529493231268 2750.0 -1406.5294932302681
-20 2770 -4102.330244778743 2750.0 -1352.3302447777428
-18 2770 -4048.132121017683 2750.0 -1298.132121016683
-16 2770 -3993.93522775732 2750.0 -1243.9352277563198
-14 2770 -3939.740047135754 2750.0 -1189.7400471347541
-12 2770 -3885.546011715167 2750.0 -1135.546011714167
-10 2770 -3831.353766500135 2750.0 -1081.353766499135
-8 2770 -3777.1635870312602 2750.0 -1027.1635870302603
-6 2770 -3722.9751054223743 2750.0 -972.9751054213743
-4 2770 -3668.7864194104623 2750.0 -918.7864194094623
-2 2770 -3614.598740142217 2750.0 -864.5987401412171
0 2770 -3560.412192474032 2750.0 -810.4121924730321
-30 2780 -4267.252430875829 2750.0 -1517.2524308748293
-28 2780 -4213.051807393873 2750.0 -1463.051807392873
-26 2780 -4158.8524024664075 2750.0 -1408.8524024654075
-24 2780 -4104.654540301242 2750.0 -1354.6545403002424
-22 2780 -4050.4576601565495 2750.0 -1300.4576601555495
-20 2780 -3996.261736763525 2750.0 -1246.2617367625248
-18 2780 -3942.0672821313783 2750.0 -1192.0672821303783
-16 2780 -3887.8740942230215 2750.0 -1137.8740942220215
-14 2780 -3833.682014992053 2750.0 -1083.6820149910532
-12 2780 -3779.491073949641 2750.0 -1029.4910739486409
-10 2780 -3725.301578383005 2750.0 -975.3015783820051
-8 2780 -3671.1130886428873 2750.0 -921.1130886418873
-6 2780 -3616.925634203959 2750.0 -866.9256342029589
-4 2780 -3562.7392779481015 2750.0 -812.7392779471015
-2 2780 -3508.5546754923416 2750.0 -758.5546754913416
0 2780 -3454.3709960382985 2750.0 -704.3709960372985
-30 2790 -4161.177646546086 2750.0 -1411.1776465450862
-28 2790 -4106.980141176173 2750.0 -1356.9801411751728
-26 2790 -4052.7836418739753 2750.0 -1302.7836418729753
-24 2790 -3998.5880373041146 2750.0 -1248.5880373031146
-22 2790 -3944.3938951042364 2750.0 -1194.3938951032364
-20 2790 -3890.2010181558144 2750.0 -1140.2010181548144
-18 2790 -3836.009716336848 2750.0 -1086.0097163358482
-16 2790 -3781.8193265234877 2750.0 -1031.8193265224877
-14 2790 -3727.6308333298366 2750.0 -977.6308333288366
-12 2790 -3673.444812310263 2750.0 -923.4448123092629
-10 2790 -3619.259035654759 2750.0 -869.2590356537589
-8 2790 -3565.074286717703 2750.0 -815.0742867167032
-6 2790 -3510.8910616995563 2750.0 -760.8910616985563
-4 2790 -3456.708745246273 2750.0 -706.7087452452729
-2 2790 -3402.5273723381833 2750.0 -652.5273723371834
0 2790 -3348.347375452082 2750.0 -598.3473754510819
-30 2800 -4055.1122064665833 2750.0 -1305.1122064655833
-28 2800 -4000.917859804904 2750.0 -1250.9178598039039
-26 2800 -3946.725035806594 2750.0 -1196.725035805594
-24 2800 -3892.533529675842 2750.0 -1142.5335296748422
-22 2800 -3838.3430007050774 2750.0 -1088.3430007040774
-20 2800 -3784.1534264324437 2750.0 -1034.1534264314437
-18 2800 -3729.9655138365633 2750.0 -979.9655138355633
-16 2800 -3675.7786870526324 2750.0 -925.7786870516325
-14 2800 -3621.593109497815 2750.0 -871.593109496815
-12 2800 -3567.4085768536606 2750.0 -817.4085768526606
-10 2800 -3513.2254230376566 2750.0 -763.2254230366566
-8 2800 -3459.043314719922 2750.0 -709.0433147189219
-6 2800 -3404.862161321289 2750.0 -654.862161320289
-4 2800 -3350.6823866082996 2750.0 -600.6823866072996
-2 2800 -3296.504127118591 2750.0 -546.504127117591
0 2800 -3242.3267827072705 2750.0 -492.3267827062705
-30 2810 -3949.058280105499 2750.0 -1199.0582801044989
-28 2810 -3894.867190689358 2750.0 -1144.8671906883578
-26 2810 -3840.677003945253 2750.0 -1090.677003944253
-24 2810 -3786.487750964501 2750.0 -1036.4877509635012
-22 2810 -3732.3002893438097 2750.0 -982.3002893428097
-20 2810 -3678.1143729227624 2750.0 -928.1143729217624
-18 2810 -3623.9293449401885 2750.0 -873.9293449391885
-16 2810 -3569.74643512239 2750.0 -819.7464351213898
-14 2810 -3515.5647379153525 2750.0 -765.5647379143525
-12 2810 -3461.384056265888 2750.0 -711.3840562648879
-10 2810 -3407.204401142255 2750.0 -657.204401141255
-8 2810 -3353.026305790132 2750.0 -603.026305789132
-6 2810 -3298.849382552973 2750.0 -548.8493825519731
-4 2810 -3244.673389519099 2750.0 -494.67338951809916
-2 2810 -3190.4983988280437 2750.0 -440.49839882704373
0 2810 -3136.3249273393885 2750.0 -386.32492733838853
-30 2820 -3843.015792430844 2750.0 -1093.0157924298442
-28 2820 -3788.8277893849736 2750.0 -1038.8277893839736
-26 2820 -3734.6416366966587 2750.0 -984.6416366956587
-24 2820 -3680.456489282951 2750.0 -930.4564892819512
-22 2820 -3626.272316982373 2750.0 -876.272316981373
-20 2820 -3572.0893166906462 2750.0 -822.0893166896462
-18 2820 -3517.907829845688 2750.0 -767.907829844688
-16 2820 -3463.727458879279 2750.0 -713.7274588782789
-14 2820 -3409.5482672690123 2750.0 -659.5482672680123
-12 2820 -3355.3702282497397 2750.0 -605.3702282487397
-10 2820 -3301.193384278333 2750.0 -551.1933842773328
-8 2820 -3247.017605387562 2750.0 -497.0176053865621
-6 2820 -3192.8427556912065 2750.0 -442.84275569020656
-4 2820 -3138.669616181287 2750.0 -388.669616180287
-2 2820 -3084.4976972097065 2750.0 -334.49769720870654
0 2820 -3030.32668464382 2750.0 -280.32668464282006
-30 2830 -3736.9846985171316 2750.0 -986.9846985161316
-28 2830 -3682.7999465247995 2750.0 -932.7999465237995
-26 2830 -3628.6161216592445 2750.0 -878.6161216582445
-24 2830 -3574.4337333624717 2750.0 -824.4337333614717
-22 2830 -3520.2523765249643 2750.0 -770.2523765239644
-20 2830 -3466.07332848628 2750.0 -716.07332848528
-18 2830 -3411.8953890000703 2750.0 -661.8953889990703
-16 2830 -3357.7187792156765 2750.0 -607.7187792146765
-14 2830 -3303.543464044342 2750.0 -553.5434640433418
-12 2830 -3249.3691393067857 2750.0 -499.36913930578567
-10 2830 -3195.195994948561 2750.0 -445.19599494756085
-8 2830 -3141.024432588805 2750.0 -391.0244325878052
-6 2830 -3086.853873515618 2750.0 -336.85387351461804
-4 2830 -3032.6842703170987 2750.0 -282.6842703160987
-2 2830 -2978.5157175722125 2750.0 -228.51571757121246
0 2830 -2924.348778505868 2750.0 -174.34877850486782
-30 2840 -3630.967229820657 2750.0 -880.967229819657
-28 2840 -3576.785805796899 2750.0 -826.7858057958988
-26 2840 -3522.606119792603 2750.0 -772.6061197916029
-24 2840 -3468.4273841198446 2750.0 -718.4273841188447
-22 2840 -3414.249599263305 2750.0 -664.2495992623049
-20 2840 -3360.073173991288 2750.0 -610.0731739902881
-18 2840 -3305.8981105906278 2750.0 -555.8981105896278
-16 2840 -3251.7242150448146 2750.0 -501.72421504381464
-14 2840 -3197.5513402120414 2750.0 -447.5513402110414
-12 2840 -3143.3797681158467 2750.0 -393.3797681148467
-10 2840 -3089.2093674257194 2750.0 -339.2093674247194
-8 2840 -3035.0399343461177 2750.0 -285.0399343451177
-6 2840 -2980.8715713988204 2750.0 -230.8715713978204
-4 2840 -2926.705015040934 2750.0 -176.7050150399341
-2 2840 -2872.5394807755947 2750.0 -122.53948077459471
0 2840 -2818.374872824381 2750.0 -68.37487282338087
-30 2850 -3524.960662620797 2750.0 -774.960662619797
-28 2850 -3470.781599198599 2750.0 -720.781599197599
-26 2850 -3416.603869230181 2750.0 -666.6038692291809
-24 2850 -3362.4286033775716 2750.0 -612.4286033765716
-22 2850 -3308.255203744964 2750.0 -558.2552037439641
-20 2850 -3254.082813303685 2750.0 -504.0828133026848
-18 2850 -3199.91126803364 2750.0 -449.91126803264024
-16 2850 -3145.741223755147 2750.0 -395.7412237541471
-14 2850 -3091.5723446542106 2750.0 -341.5723446532106
-12 2850 -3037.4044645244867 2750.0 -287.4044645234867
-10 2850 -2983.237882388654 2750.0 -233.23788238765383
-8 2850 -2929.072809453297 2750.0 -179.07280945229695
-6 2850 -2874.9086726985406 2750.0 -124.90867269754061
-4 2850 -2820.7455258110567 2750.0 -70.74552581005672
-2 2850 -2766.5833943022735 2750.0 -16.58339430127352
0 2850 -2695.9543037060794 2695.9543037050794 1.0575400665464694e-14
-30 2860 -3418.9705117841804 2750.0 -668.9705117831804
-28 2860 -3364.795800009073 2750.0 -614.795800008073
-26 2860 -3310.6225034221716 2750.0 -560.6225034211716
-24 2860 -3256.450175767459 2750.0 -506.45017576645887
-22 2860 -3202.278816500213 2750.0 -452.278816499213
-20 2860 -3148.1090012940404 2750.0 -398.10900129304036
-18 2860 -3093.940373060934 2750.0 -343.9403730599338
-16 2860 -3039.7729876394587 2750.0 -289.77298763845874
-14 2860 -2985.60646070831 2750.0 -235.6064607073099
-12 2860 -2931.441442307114 2750.0 -181.4414423061139
-10 2860 -2877.2774828146503 2750.0 -127.27748281365028
-8 2860 -2823.114460300785 2750.0 -73.11446029978514
-6 2860 -2768.9526877014723 2750.0 -18.952687700472314
-4 2860 -2699.3624757779908 2699.362475776991 1.0575400665464694e-14
-2 2860 -2621.4662576927367 2621.4662576917367 1.0575400665464694e-14
0 2860 -2543.573468953662 2543.573468952662 1.0575400665464694e-14
-30 2870 -3312.9883323539834 2750.0 -562.9883323529834
-28 2870 -3258.8173546942126 2750.0 -508.81735469321256
-26 2870 -3204.6475859580823 2750.0 -454.64758595708236
-24 2870 -3150.4793525978894 2750.0 -400.4793525968894
-22 2870 -3096.312481797926 2750.0 -346.312481796926
-20 2870 -3042.1464431981003 2750.0 -292.1464431971003
-18 2870 -2987.9813621153735 2750.0 -237.9813621143735
-16 2870 -2933.817921175796 2750.0 -183.81792117479608
-14 2870 -2879.6554873075656 2750.0 -129.65548730656565
-12 2870 -2825.4941621536273 2750.0 -75.49416215262725
-10 2870 -2771.3341830241843 2750.0 -21.334183023184313
-8 2870 -2702.7896648221213 2702.7896648211213 1.0575400665464694e-14
-6 2870 -2624.8955306525168 2624.8955306515168 1.0575400665464694e-14
-4 2870 -2547.0048014169734 2547.0048014159734 1.0575400665464694e-14
-2 2870 -2469.117159972491 2469.117159971491 1.0575400665464694e-14
0 2870 -2391.231432622153 2391.231432621153 1.0575400665464694e-14
-30 2880 -3207.0296670432435 2750.0 -457.02966704224355
-28 2880 -3152.8616931076976 2750.0 -402.86169310669766
-26 2880 -3098.6948406813754 2750.0 -348.69484068037536
-24 2880 -3044.5289678970294 2750.0 -294.52896789602937
-22 2880 -2990.364101002662 2750.0 -240.36410100166222
-20 2880 -2936.200899564603 2750.0 -186.2008995636029
-18 2880 -2882.0387662076973 2750.0 -132.03876620669735
-16 2880 -2827.8778349097265 2750.0 -77.87783490872651
-14 2880 -2773.7178664064995 2750.0 -23.717866405499525
-12 2880 -2706.218152819798 2706.218152818798 1.0575400665464694e-14
-10 2880 -2628.324218711554 2628.324218710554 1.0575400665464694e-14
-8 2880 -2550.4336912199797 2550.4336912189797 1.0575400665464694e-14
-6 2880 -2472.5466130350687 2472.5466130340687 1.0575400665464694e-14
-4 2880 -2394.6612382174353 2394.6612382164353 1.0575400665464694e-14
-2 2880 -2316.77990871956 2316.77990871856 1.0575400665464694e-14
0 2880 -2238.901829964132 2238.901829963132 1.0575400665464694e-14
-30 2890 -3101.0773515456385 2750.0 -351.07735154463853
-28 2890 -3046.913115060015 2750.0 -296.9131150590151
-26 2890 -2992.7498293053213 2750.0 -242.74982930432134
-24 2890 -2938.588213306153 2750.0 -188.5882133051532
-22 2890 -2884.427818572498 2750.0 -134.42781857149794
-20 2890 -2830.268222656843 2750.0 -80.26822265584313
-18 2890 -2776.1097884548653 2750.0 -26.109788453865338
-16 2890 -2709.6606321597646 2709.6606321587647 1.0575400665464694e-14
-14 2890 -2631.7689221313776 2631.7689221303776 1.0575400665464694e-14
-12 2890 -2553.8808896686824 2553.8808896676824 1.0575400665464694e-14
-10 2890 -2475.996121015167 2475.996121014167 1.0575400665464694e-14
-8 2890 -2398.112700580663 2398.112700579663 1.0575400665464694e-14
-6 2890 -2320.2333576043893 2320.2333576033893 1.0575400665464694e-14
-4 2890 -2242.3566404948506 2242.3566404938506 1.0575400665464694e-14
-2 2890 -2164.4833491730824 2164.4833491720824 1.0575400665464694e-14
0 2890 -2086.6134503566864 2086.6134503556864 1.0575400665464694e-14
-30 2900 -2995.14847417509 2750.0 -245.1484741740901
-28 2900 -2940.9871503949835 2750.0 -190.98715039398348
-26 2900 -2886.82677976806 2750.0 -136.8267797670601
-24 2900 -2832.667395912402 2750.0 -82.66739591140184
-22 2900 -2778.5091747548868 2750.0 -28.50917475388677
-20 2900 -2713.111908792227 2713.111908791227 1.0575400665464694e-14
-18 2900 -2635.220748830092 2635.220748829092 1.0575400665464694e-14
-16 2900 -2557.3329179060675 2557.3329179050675 1.0575400665464694e-14
-14 2900 -2479.4481040501996 2479.4481040491996 1.0575400665464694e-14
-12 2900 -2401.564886598426 2401.564886597426 1.0575400665464694e-14
-10 2900 -2323.6856938200217 2323.6856938190217 1.0575400665464694e-14
-8 2900 -2245.8092858424934 2245.8092858414934 1.0575400665464694e-14
-6 2900 -2167.9365303447994 2167.9365303437994 1.0575400665464694e-14
-4 2900 -2090.0670198477746 2090.0670198467747 1.0575400665464694e-14
-2 2900 -2012.2007145978569 2012.2007145968569 1.0575400665464694e-14
0 2900 -1934.3369473297644 1934.3369473287644 1.0575400665464694e-14
-30 2910 -2889.22765651645 2750.0 -139.22765651545024
-28 2910 -2835.069812208676 2750.0 -85.06981220767601
-26 2910 -2780.9131454412855 2750.0 -30.91314544028545
-24 2910 -2716.5718624664732 2716.5718624654733 1.0575400665464694e-14
-22 2910 -2638.6828347246483 2638.6828347236483 1.0575400665464694e-14
-20 2910 -2560.796926449664 2560.796926448664 1.0575400665464694e-14
-18 2910 -2482.9142767096782 2482.9142767086782 1.0575400665464694e-14
-16 2910 -2405.033235044597 2405.033235043597 1.0575400665464694e-14
-14 2910 -2327.156246105791 2327.156246104791 1.0575400665464694e-14
-12 2910 -2249.2822732887435 2249.2822732877435 1.0575400665464694e-14
-10 2910 -2171.4115332109213 2171.4115332099213 1.0575400665464694e-14
-8 2910 -2093.5438132823765 2093.5438132813765 1.0575400665464694e-14
-6 2910 -2015.6787259265984 2015.6787259255984 1.0575400665464694e-14
-4 2910 -1937.8163382658822 1937.8163382648822 1.0575400665464694e-14
-2 2910 -1859.9575510706782 1859.9575510696782 1.0575400665464694e-14
0 2910 -1782.102051307127 1782.1020513061271 1.0575400665464694e-14
-30 2920 -2783.3286827186384 2750.0 -33.32868271763845
-28 2920 -2720.0462177610607 2720.0462177600607 1.0575400665464694e-14
-26 2920 -2642.1574054822704 2642.1574054812704 1.0575400665464694e-14
-24 2920 -2564.2716952175833 2564.2716952165833 1.0575400665464694e-14
-22 2920 -2486.389318975198 2486.389318974198 1.0575400665464694e-14
-20 2920 -2408.5084979661333 2408.5084979651333 1.0575400665464694e-14
-18 2920 -2330.6319977504027 2330.6319977494027 1.0575400665464694e-14
-16 2920 -2252.7579941386066 2252.7579941376066 1.0575400665464694e-14
-14 2920 -2174.887375440361 2174.887375439361 1.0575400665464694e-14
-12 2920 -2097.0198518049438 2097.0198518039438 1.0575400665464694e-14
-10 2920 -2019.154966873859 2019.154966872859 1.0575400665464694e-14
-8 2920 -1941.2929090850812 1941.2929090840812 1.0575400665464694e-14
-6 2920 -1863.4350642331265 1863.4350642321265 1.0575400665464694e-14
-4 2920 -1785.5803130686108 1785.5803130676109 1.0575400665464694e-14
-2 2920 -1707.7281481821847 1707.7281481811847 1.0575400665464694e-14
0 2920 -1629.8769334699173 1629.8769334689173 1.0575400665464694e-14
-30 2930 -2645.637070675395 2645.637070674395 1.0575400665464694e-14
-28 2930 -2567.753457662475 2567.753457661475 1.0575400665464694e-14
-26 2930 -2489.873224224066 2489.873224223066 1.0575400665464694e-14
-24 2930 -2411.994789818549 2411.994789817549 1.0575400665464694e-14
-22 2930 -2334.1201303740963 2334.1201303730963 1.0575400665464694e-14
-20 2930 -2256.2481166317593 2256.2481166307593 1.0575400665464694e-14
-18 2930 -2178.3796940360626 2178.3796940350626 1.0575400665464694e-14
-16 2930 -2100.514227971609 2100.514227970609 1.0575400665464694e-14
-14 2930 -2022.6515279199957 2022.6515279189957 1.0575400665464694e-14
-12 2930 -1944.7917402171297 1944.7917402161297 1.0575400665464694e-14
-10 2930 -1866.9353525120532 1866.9353525110532 1.0575400665464694e-14
-8 2930 -1789.0818151738204 1789.0818151728204 1.0575400665464694e-14
-6 2930 -1711.230895793924 1711.230895792924 1.0575400665464694e-14
-4 2930 -1633.3811282058741 1633.3811282048741 1.0575400665464694e-14
-2 2930 -1555.5366147222085 1555.5366147212085 1.0575400665464694e-14
0 2930 -1477.6951553102408 1477.6951553092408 1.0575400665464694e-14
-30 2940 -2493.371732304906 2493.371732303906 1.0575400665464694e-14
-28 2940 -2415.4933631790336 2415.4933631780336 1.0575400665464694e-14
-26 2940 -2337.618890594342 2337.618890593342 1.0575400665464694e-14
-24 2940 -2259.7470236986846 2259.7470236976847 1.0575400665464694e-14
-22 2940 -2181.878847736589 2181.878847735589 1.0575400665464694e-14
-20 2940 -2104.013580947678 2104.013580946678 1.0575400665464694e-14
-18 2940 -2026.1512553003704 2026.1512552993704 1.0575400665464694e-14
-16 2940 -1948.2913984721235 1948.2913984711236 1.0575400665464694e-14
-14 2940 -1870.4352440723596 1870.4352440713596 1.0575400665464694e-14
-12 2940 -1792.5818931685499 1792.5818931675499 1.0575400665464694e-14
-10 2940 -1714.7312260970066 1714.7312260960066 1.0575400665464694e-14
-8 2940 -1636.8825504918204 1636.8825504908204 1.0575400665464694e-14
-6 2940 -1559.0390433832072 1559.0390433822072 1.0575400665464694e-14
-4 2940 -1481.19823830745 1481.19823830645 1.0575400665464694e-14
-2 2940 -1403.359966407923 1403.359966406923 1.0575400665464694e-14
0 2940 -1325.5244720305782 1325.5244720295782 1.0575400665464694e-14
-30 2950 -2341.1250870796503 2341.1250870786503 1.0575400665464694e-14
-28 2950 -2263.2552470681403 2263.2552470671403 1.0575400665464694e-14
-26 2950 -2185.3892312768876 2185.3892312758876 1.0575400665464694e-14
-24 2950 -2107.526164660958 2107.526164659958 1.0575400665464694e-14
-22 2950 -2029.6656230921944 2029.6656230911944 1.0575400665464694e-14
-20 2950 -1951.8078579961002 1951.8078579951002 1.0575400665464694e-14
-18 2950 -1873.9538010792166 1873.9538010782167 1.0575400665464694e-14
-16 2950 -1796.102487006472 1796.102487005472 1.0575400665464694e-14
-14 2950 -1718.253970812395 1718.253970811395 1.0575400665464694e-14
-12 2950 -1640.4067089866876 1640.4067089856876 1.0575400665464694e-14
-10 2950 -1562.5642881216772 1562.5642881206772 1.0575400665464694e-14
-8 2950 -1484.7246494163992 1484.7246494153992 1.0575400665464694e-14
-6 2950 -1406.887680478496 1406.887680477496 1.0575400665464694e-14
-4 2950 -1329.0536925408378 1329.0536925398378 1.0575400665464694e-14
-2 2950 -1251.2232624695753 1251.2232624685753 1.0575400665464694e-14
0 2950 -1173.39575475757 1173.39575475657 1.0575400665464694e-14
