-30 2750 -4582.583495902654 2750.0 -1832.5834959016543 3300
-28 2750 -4525.670944882906 2750.0 -1775.670944881906 3300
-26 2750 -4468.758393863216 2750.0 -1718.758393862216 3300
-24 2750 -4411.845842843468 2750.0 -1661.8458428424678 3300
-22 2750 -4354.933291823734 2750.0 -1604.9332918227342 3300
-20 2750 -4298.020740804044 2750.0 -1548.0207408030442 3300
-18 2750 -4241.108189784325 2750.0 -1491.108189783325 3300
-16 2750 -4184.195638764635 2750.0 -1434.195638763635 3300
-14 2750 -4127.283087744872 2750.0 -1377.2830877438723 3300
-12 2750 -4070.3705367251678 2750.0 -1320.3705367241678 3300
-10 2750 -4013.457985705376 2750.0 -1263.457985704376 3300
-8 2750 -3956.545434685715 2750.0 -1206.545434684715 3300
-6 2750 -3899.6328836659814 2750.0 -1149.6328836649814 3300
-4 2750 -3842.7203326462622 2750.0 -1092.7203326452623 3300
-2 2750 -3785.8077816264995 2750.0 -1035.8077816254995 3300
0 2750 -3728.8952306068677 2750.0 -978.8952306058677 3300
-30 2760 -4473.0016345365875 2750.0 -1723.0016345355875 3300
-28 2760 -4416.0890835168975 2750.0 -1666.0890835158975 3300
-26 2760 -4359.1765324972075 2750.0 -1609.1765324962075 3300
-24 2760 -4302.263981477445 2750.0 -1552.2639814764448 3300
-22 2760 -4245.351430457726 2750.0 -1495.3514304567257 3300
-20 2760 -4188.438879438021 2750.0 -1438.4388794370211 3300
-18 2760 -4131.526328418287 2750.0 -1381.5263284172875 3300
-16 2760 -4074.6137773985683 2750.0 -1324.6137773975684 3300
-14 2760 -4017.70122637882 2750.0 -1267.7012263778201 3300
-12 2760 -3960.7886753591156 2750.0 -1210.7886753581156 3300
-10 2760 -3903.876124339382 2750.0 -1153.876124338382 3300
-8 2760 -3846.963573319692 2750.0 -1096.963573318692 3300
-6 2760 -3790.051022300002 2750.0 -1040.051022299002 3300
-4 2760 -3733.1384712802537 2750.0 -983.1384712792537 3300
-2 2760 -3676.2259202605346 2750.0 -926.2259202595346 3300
0 2760 -3619.313369240859 2750.0 -869.3133692398592 3300
-30 2770 -4363.419773170637 2750.0 -1613.4197731696372 3300
-28 2770 -4306.507222150889 2750.0 -1556.507222149889 3300
-26 2770 -4249.594671131199 2750.0 -1499.594671130199 3300
-24 2770 -4192.68212011148 2750.0 -1442.68212011048 3300
-22 2770 -4135.769569091732 2750.0 -1385.7695690907317 3300
-20 2770 -4078.8570180720417 2750.0 -1328.8570180710417 3300
-18 2770 -4021.9444670522644 2750.0 -1271.9444670512644 3300
-16 2770 -3965.0319160325744 2750.0 -1215.0319160315744 3300
-14 2770 -3908.1193650128844 2750.0 -1158.1193650118844 3300
-12 2770 -3851.2068139931653 2750.0 -1101.2068139921653 3300
-10 2770 -3794.294262973388 2750.0 -1044.294262972388 3300
-8 2770 -3737.381711953727 2750.0 -987.3817119527271 3300
-6 2770 -3680.469160933979 2750.0 -930.4691609329789 3300
-4 2770 -3623.5566099142306 2750.0 -873.5566099132307 3300
-2 2770 -3566.6440588945115 2750.0 -816.6440588935116 3300
0 2770 -3509.7315078748506 2750.0 -759.7315078738507 3300
-30 2780 -4253.837911804687 2750.0 -1503.837911803687 3300
-28 2780 -4196.925360784982 2750.0 -1446.9253607839823 3300
-26 2780 -4140.012809765278 2750.0 -1390.0128097642778 3300
-24 2780 -4083.1002587455296 2750.0 -1333.1002587445296 3300
-22 2780 -4026.1877077257814 2750.0 -1276.1877077247814 3300
-20 2780 -3969.2751567060914 2750.0 -1219.2751567050914 3300
-18 2780 -3912.3626056863577 2750.0 -1162.3626056853577 3300
-16 2780 -3855.4500546666095 2750.0 -1105.4500546656095 3300
-14 2780 -3798.537503646905 2750.0 -1048.537503645905 3300
-12 2780 -3741.6249526272295 2750.0 -991.6249526262295 3300
-10 2780 -3684.712401607452 2750.0 -934.7124016064522 3300
-8 2780 -3627.799850587762 2750.0 -877.7998505867622 3300
-6 2780 -3570.887299568072 2750.0 -820.8872995670722 3300
-4 2780 -3513.974748548324 2750.0 -763.974748547324 3300
-2 2780 -3457.062197528576 2750.0 -707.0621975275758 3300
0 2780 -3400.1496465088712 2750.0 -650.1496465078712 3300
-30 2790 -4144.256050438635 2750.0 -1394.2560504376347 3300
-28 2790 -4087.34349941893 2750.0 -1337.3434994179302 3300
-26 2790 -4030.4309483991674 2750.0 -1280.4309483981674 3300
-24 2790 -3973.518397379463 2750.0 -1223.5183973784629 3300
-22 2790 -3916.605846359773 2750.0 -1166.6058463587729 3300
-20 2790 -3859.6932953400246 2750.0 -1109.6932953390246 3300
-18 2790 -3802.780744320291 2750.0 -1052.780744319291 3300
-16 2790 -3745.868193300572 2750.0 -995.8681932995719 3300
-14 2790 -3688.9556422808673 2750.0 -938.9556422798673 3300
-12 2790 -3632.0430912611337 2750.0 -882.0430912601337 3300
-10 2790 -3575.1305402414 2750.0 -825.1305402404 3300
-8 2790 -3518.2179892217537 2750.0 -768.2179892207537 3300
-6 2790 -3461.305438201991 2750.0 -711.3054382009909 3300
-4 2790 -3404.392887182272 2750.0 -654.3928871812718 3300
-2 2790 -3347.480336162538 2750.0 -597.4803361615382 3300
0 2790 -3290.567785142848 2750.0 -540.5677851418482 3300
-30 2800 -4034.674189072728 2750.0 -1284.674189071728 3300
-28 2800 -3977.761638053009 2750.0 -1227.761638052009 3300
-26 2800 -3920.849087033319 2750.0 -1170.849087032319 3300
-24 2800 -3863.9365360135853 2750.0 -1113.9365360125853 3300
-22 2800 -3807.023984993808 2750.0 -1057.023984992808 3300
-20 2800 -3750.1114339741034 2750.0 -1000.1114339731034 3300
-18 2800 -3693.198882954355 2750.0 -943.1988829533552 3300
-16 2800 -3636.2863319346798 2750.0 -886.2863319336798 3300
-14 2800 -3579.3737809149607 2750.0 -829.3737809139607 3300
-12 2800 -3522.4612298952416 2750.0 -772.4612298942416 3300
-10 2800 -3465.5486788754934 2750.0 -715.5486788744934 3300
-8 2800 -3408.636127855818 2750.0 -658.6361278548179 3300
-6 2800 -3351.723576836055 2750.0 -601.7235768350552 3300
-4 2800 -3294.8110258163506 2750.0 -544.8110258153506 3300
-2 2800 -3237.8984747966024 2750.0 -487.8984747956024 3300
0 2800 -3180.9859237769706 2750.0 -430.9859237759706 3300
-30 2810 -3925.0923277066904 2750.0 -1175.0923277056904 3300
-28 2810 -3868.1797766869277 2750.0 -1118.1797766859277 3300
-26 2810 -3811.2672256673104 2750.0 -1061.2672256663104 3300
-24 2810 -3754.354674647504 2750.0 -1004.354674646504 3300
-22 2810 -3697.442123627814 2750.0 -947.442123626814 3300
-20 2810 -3640.529572608095 2750.0 -890.5295726070949 3300
-18 2810 -3583.6170215883612 2750.0 -833.6170215873613 3300
-16 2810 -3526.7044705686567 2750.0 -776.7044705676567 3300
-14 2810 -3469.791919548923 2750.0 -719.791919547923 3300
-12 2810 -3412.8793685291603 2750.0 -662.8793685281603 3300
-10 2810 -3355.966817509441 2750.0 -605.9668175084412 3300
-8 2810 -3299.0542664897803 2750.0 -549.0542664887803 3300
-6 2810 -3242.141715470032 2750.0 -492.1417154690321 3300
-4 2810 -3185.229164450313 2750.0 -435.229164449313 3300
-2 2810 -3128.3166134305648 2750.0 -378.31661342956477 3300
0 2810 -3071.404062410904 2750.0 -321.4040624099039 3300
-30 2820 -3815.510466340682 2750.0 -1065.510466339682 3300
-28 2820 -3758.5979153209773 2750.0 -1008.5979153199773 3300
-26 2820 -3701.685364301273 2750.0 -951.6853643002728 3300
-24 2820 -3644.7728132814955 2750.0 -894.7728132804955 3300
-22 2820 -3587.860262261762 2750.0 -837.8602622607618 3300
-20 2820 -3530.947711242072 2750.0 -780.9477112410718 3300
-18 2820 -3474.0351602223236 2750.0 -724.0351602213236 3300
-16 2820 -3417.1226092026336 2750.0 -667.1226092016336 3300
-14 2820 -3360.2100581829145 2750.0 -610.2100581819145 3300
-12 2820 -3303.2975071631954 2750.0 -553.2975071621954 3300
-10 2820 -3246.384956143418 2750.0 -496.3849561424181 3300
-8 2820 -3189.472405123801 2750.0 -439.47240512280086 3300
-6 2820 -3132.559854104038 2750.0 -382.5598541030381 3300
-4 2820 -3075.64730308429 2750.0 -325.6473030832899 3300
-2 2820 -3018.7347520645562 2750.0 -268.73475206355624 3300
0 2820 -2961.822201044837 2750.0 -211.82220104383714 3300
-30 2830 -3705.928604974688 2750.0 -955.9286049736879 3300
-28 2830 -3649.0160539549106 2750.0 -899.0160539539106 3300
-26 2830 -3592.1035029352497 2750.0 -842.1035029342497 3300
-24 2830 -3535.190951915516 2750.0 -785.1909519145161 3300
-22 2830 -3478.278400895797 2750.0 -728.278400894797 3300
-20 2830 -3421.3658498760924 2750.0 -671.3658498750924 3300
-18 2830 -3364.453298856344 2750.0 -614.4532988553442 3300
-16 2830 -3307.5407478366396 2750.0 -557.5407478356396 3300
-14 2830 -3250.628196816906 2750.0 -500.628196815906 3300
-12 2830 -3193.7156457971723 2750.0 -443.71564579617234 3300
-10 2830 -3136.8030947774387 2750.0 -386.8030947764387 3300
-8 2830 -3079.890543757763 2750.0 -329.89054375676324 3300
-6 2830 -3022.977992738044 2750.0 -272.97799273704413 3300
-4 2830 -2966.0654417182814 2750.0 -216.06544171728137 3300
-2 2830 -2909.152890698635 2750.0 -159.15289069763503 3300
0 2830 -2852.2403396788723 2750.0 -102.24033967787226 3300
-30 2840 -3596.3467436086794 2750.0 -846.3467436076794 3300
-28 2840 -3539.4341925889603 2750.0 -789.4341925879603 3300
-26 2840 -3482.521641569241 2750.0 -732.5216415682412 3300
-24 2840 -3425.609090549493 2750.0 -675.609090548493 3300
-22 2840 -3368.6965395297593 2750.0 -618.6965395287593 3300
-20 2840 -3311.7839885100548 2750.0 -561.7839885090548 3300
-18 2840 -3254.8714374903357 2750.0 -504.8714374893357 3300
-16 2840 -3197.9588864706457 2750.0 -447.9588864696457 3300
-14 2840 -3141.046335450912 2750.0 -391.046335449912 3300
-12 2840 -3084.133784431193 2750.0 -334.1337844301929 3300
-10 2840 -3027.2212334114593 2750.0 -277.22123341045926 3300
-8 2840 -2970.308682391784 2750.0 -220.30868239078382 3300
-6 2840 -2913.3961313720356 2750.0 -163.3961313710356 3300
-4 2840 -2856.4835803522583 2750.0 -106.48358035125828 3300
-2 2840 -2799.571029332583 2750.0 -49.57102933158284 3300
0 2840 -2739.129561889684 2739.129561888684 1.0575400665464694e-14 3300
-30 2850 -3486.7648822426854 2750.0 -736.7648822416854 3300
-28 2850 -3429.8523312229954 2750.0 -679.8523312219954 3300
-26 2850 -3372.939780203291 2750.0 -622.9397802022909 3300
-24 2850 -3316.027229183528 2750.0 -566.0272291825281 3300
-22 2850 -3259.114678163809 2750.0 -509.114678162809 3300
-20 2850 -3202.202127144119 2750.0 -452.202127143119 3300
-18 2850 -3145.289576124371 2750.0 -395.2895761233708 3300
-16 2850 -3088.3770251046517 2750.0 -338.3770251036517 3300
-14 2850 -3031.4644740849762 2750.0 -281.46447408397626 3300
-12 2850 -2974.551923065199 2750.0 -224.55192306419895 3300
-10 2850 -2917.63937204548 2750.0 -167.63937204447984 3300
-8 2850 -2860.72682102579 2750.0 -110.72682102478983 3300
-6 2850 -2803.814270006027 2750.0 -53.814270005027076 3300
-4 2850 -2745.4136192983424 2745.4136192973424 1.0575400665464694e-14 3300
-2 2850 -2661.1333855356643 2661.1333855346643 1.0575400665464694e-14 3300
0 2850 -2576.8548385092727 2576.8548385082727 1.0575400665464694e-14 3300
-30 2860 -3377.1830208766332 2750.0 -627.1830208756332 3300
-28 2860 -3320.2704698569287 2750.0 -570.2704698559287 3300
-26 2860 -3263.357918837224 2750.0 -513.3579188362241 3300
-24 2860 -3206.445367817505 2750.0 -456.44536781650504 3300
-22 2860 -3149.532816797757 2750.0 -399.53281679675683 3300
-20 2860 -3092.6202657780377 2750.0 -342.62026577703773 3300
-18 2860 -3035.7077147583186 2750.0 -285.7077147573186 3300
-16 2860 -2978.7951637385995 2750.0 -228.79516373759952 3300
-14 2860 -2921.8826127188804 2750.0 -171.88261271788042 3300
-12 2860 -2864.9700616991177 2750.0 -114.97006169811765 3300
-10 2860 -2808.0575106793985 2750.0 -58.05751067839855 3300
-8 2860 -2751.1449596597377 2750.0 -1.1449596587376512 3300
-6 2860 -2667.416958354457 2667.416958353457 1.0575400665464694e-14 3300
-4 2860 -2583.1384113280074 2583.1384113270074 1.0575400665464694e-14 3300
-2 2860 -2498.8576539210044 2498.8576539200044 1.0575400665464694e-14 3300
0 2860 -2414.5783651267993 2414.5783651257993 1.0575400665464694e-14 3300
-30 2870 -3267.601159510814 2750.0 -517.6011595098139 3300
-28 2870 -3210.6886084910802 2750.0 -460.68860849008024 3300
-26 2870 -3153.7760574713757 2750.0 -403.7760574703757 3300
-24 2870 -3096.8635064516566 2750.0 -346.8635064506566 3300
-22 2870 -3039.950955431894 2750.0 -289.9509554308938 3300
-20 2870 -2983.0384044122184 2750.0 -233.03840441121838 3300
-18 2870 -2926.1258533924847 2750.0 -176.12585339148472 3300
-16 2870 -2869.2133023727656 2750.0 -119.21330237176561 3300
-14 2870 -2812.300751353003 2750.0 -62.300751352002855 3300
-12 2870 -2755.388200333342 2750.0 -5.388200332341956 3300
-10 2870 -2673.7005311735556 2673.7005311725557 1.0575400665464694e-14 3300
-8 2870 -2589.421984147193 2589.421984146193 1.0575400665464694e-14 3300
-6 2870 -2505.141282044264 2505.141282043264 1.0575400665464694e-14 3300
-4 2870 -2420.861993250044 2420.861993249044 1.0575400665464694e-14 3300
-2 2870 -2336.5827044557664 2336.5827044547664 1.0575400665464694e-14 3300
0 2870 -2252.303415661532 2252.303415660532 1.0575400665464694e-14 3300
-30 2880 -3158.019298144791 2750.0 -408.0192981437908 3300
-28 2880 -3101.1067471250426 2750.0 -351.1067471240426 3300
-26 2880 -3044.194196105309 2750.0 -294.19419610430896 3300
-24 2880 -2987.28164508559 2750.0 -237.28164508458985 3300
-22 2880 -2930.369094065856 2750.0 -180.3690940648562 3300
-20 2880 -2873.4565430461516 2750.0 -123.45654304515163 3300
-18 2880 -2816.54399202636 2750.0 -66.54399202535977 3300
-16 2880 -2759.631441006699 2750.0 -9.631441005698878 3300
-14 2880 -2679.9841039923776 2679.9841039913777 1.0575400665464694e-14 3300
-12 2880 -2595.7055569658987 2595.7055569648987 1.0575400665464694e-14 3300
-10 2880 -2511.424910167145 2511.424910166145 1.0575400665464694e-14 3300
-8 2880 -2427.1456213729252 2427.1456213719252 1.0575400665464694e-14 3300
-6 2880 -2342.866332578662 2342.866332577662 1.0575400665464694e-14 3300
-4 2880 -2258.587043784428 2258.587043783428 1.0575400665464694e-14 3300
-2 2880 -2174.306109696394 2174.306109695394 1.0575400665464694e-14 3300
0 2880 -2090.0265800369816 2090.0265800359816 1.0575400665464694e-14 3300
-30 2890 -3048.4374367787677 2750.0 -298.43743677776774 3300
-28 2890 -2991.5248857590195 2750.0 -241.52488575801954 3300
-26 2890 -2934.612334739315 2750.0 -184.61233473831498 3300
-24 2890 -2877.6997837196104 2750.0 -127.69978371861042 3300
-22 2890 -2820.7872326998913 2750.0 -70.78723269889132 3300
-20 2890 -2763.874681680172 2750.0 -13.874681679172216 3300
-18 2890 -2686.267676811287 2686.267676810287 1.0575400665464694e-14 3300
-16 2890 -2601.989129784881 2601.989129783881 1.0575400665464694e-14 3300
-14 2890 -2517.708538290244 2517.708538289244 1.0575400665464694e-14 3300
-12 2890 -2433.4292494959955 2433.4292494949955 1.0575400665464694e-14 3300
-10 2890 -2349.149960701732 2349.149960700732 1.0575400665464694e-14 3300
-8 2890 -2264.8706719075853 2264.8706719065854 1.0575400665464694e-14 3300
-6 2890 -2180.5897557777644 2180.5897557767644 1.0575400665464694e-14 3300
-4 2890 -2096.3102261182794 2096.3102261172794 1.0575400665464694e-14 3300
-2 2890 -2012.0306964588963 2012.0306964578963 1.0575400665464694e-14 3300
0 2890 -1927.7511667995568 1927.7511667985568 1.0575400665464694e-14 3300
-30 2900 -2938.8555754127156 2750.0 -188.85557541171556 3300
-28 2900 -2881.943024392982 2750.0 -131.9430243919819 3300
-26 2900 -2825.0304733732482 2750.0 -75.03047337224824 3300
-24 2900 -2768.117922353529 2750.0 -18.11792235252914 3300
-22 2900 -2692.552806762411 2692.552806761411 1.0575400665464694e-14 3300
-20 2900 -2608.2727026036155 2608.2727026026155 1.0575400665464694e-14 3300
-18 2900 -2523.9921664132125 2523.9921664122126 1.0575400665464694e-14 3300
-16 2900 -2439.7128776189347 2439.7128776179347 1.0575400665464694e-14 3300
-14 2900 -2355.4335888246424 2355.4335888236424 1.0575400665464694e-14 3300
-12 2900 -2271.1543000304227 2271.1543000294228 1.0575400665464694e-14 3300
-10 2900 -2186.875011236203 2186.875011235203 1.0575400665464694e-14 3300
-8 2900 -2102.593872199446 2102.593872198446 1.0575400665464694e-14 3300
-6 2900 -2018.314342540063 2018.314342539063 1.0575400665464694e-14 3300
-4 2900 -1934.0348128806218 1934.0348128796218 1.0575400665464694e-14 3300
-2 2900 -1849.755283221224 1849.755283220224 1.0575400665464694e-14 3300
0 2900 -1765.4757535619137 1765.4757535609137 1.0575400665464694e-14 3300
-30 2910 -2829.2737140466925 2750.0 -79.27371404569247 3300
-28 2910 -2772.361163027017 2750.0 -22.361163026017028 3300
-26 2910 -2698.836209266912 2698.836209265912 1.0575400665464694e-14 3300
-24 2910 -2614.5562754225975 2614.5562754215975 1.0575400665464694e-14 3300
-22 2910 -2530.275794536239 2530.275794535239 1.0575400665464694e-14 3300
-20 2910 -2445.9965057419904 2445.9965057409904 1.0575400665464694e-14 3300
-18 2910 -2361.717216947727 2361.717216946727 1.0575400665464694e-14 3300
-16 2910 -2277.4379281534348 2277.437928152435 1.0575400665464694e-14 3300
-14 2910 -2193.158639359215 2193.158639358215 1.0575400665464694e-14 3300
-12 2910 -2108.877518280671 2108.877518279671 1.0575400665464694e-14 3300
-10 2910 -2024.597988621259 2024.597988620259 1.0575400665464694e-14 3300
-8 2910 -1940.3184589619486 1940.3184589609486 1.0575400665464694e-14 3300
-6 2910 -1856.0389293025364 1856.0389293015364 1.0575400665464694e-14 3300
-4 2910 -1771.7593996431387 1771.7593996421388 1.0575400665464694e-14 3300
-2 2910 -1687.4798699837702 1687.4798699827702 1.0575400665464694e-14 3300
0 2910 -1603.2003403244016 1603.2003403234016 1.0575400665464694e-14 3300
-30 2920 -2705.119611771399 2705.119611770399 1.0575400665464694e-14 3300
-28 2920 -2620.839848241536 2620.839848240536 1.0575400665464694e-14 3300
-26 2920 -2536.5594226593385 2536.5594226583385 1.0575400665464694e-14 3300
-24 2920 -2452.280133865075 2452.280133864075 1.0575400665464694e-14 3300
-22 2920 -2368.000845070812 2368.000845069812 1.0575400665464694e-14 3300
-20 2920 -2283.721556276563 2283.721556275563 1.0575400665464694e-14 3300
-18 2920 -2199.4422674823 2199.4422674813 1.0575400665464694e-14 3300
-16 2920 -2115.1611643619835 2115.1611643609835 1.0575400665464694e-14 3300
-14 2920 -2030.8816347025568 2030.8816347015568 1.0575400665464694e-14 3300
-12 2920 -1946.6021050432755 1946.6021050422755 1.0575400665464694e-14 3300
-10 2920 -1862.3225753838487 1862.3225753828488 1.0575400665464694e-14 3300
-8 2920 -1778.0430457244947 1778.0430457234947 1.0575400665464694e-14 3300
-6 2920 -1693.7635160650534 1693.7635160640534 1.0575400665464694e-14 3300
-4 2920 -1609.4839864056994 1609.4839864046994 1.0575400665464694e-14 3300
-2 2920 -1525.2044567462872 1525.2044567452872 1.0575400665464694e-14 3300
0 2920 -1440.9249270869477 1440.9249270859477 1.0575400665464694e-14 3300
-30 2930 -2542.8430507822777 2542.8430507812777 1.0575400665464694e-14 3300
-28 2930 -2458.5637619880144 2458.5637619870145 1.0575400665464694e-14 3300
-26 2930 -2374.2844731938094 2374.2844731928094 1.0575400665464694e-14 3300
-24 2930 -2290.005184399546 2290.005184398546 1.0575400665464694e-14 3300
-22 2930 -2205.7258956052538 2205.7258956042538 1.0575400665464694e-14 3300
-20 2930 -2121.4448104432086 2121.4448104422086 1.0575400665464694e-14 3300
-18 2930 -2037.1652807837818 2037.1652807827818 1.0575400665464694e-14 3300
-16 2930 -1952.8857511244423 1952.8857511234423 1.0575400665464694e-14 3300
-14 2930 -1868.6062214649864 1868.6062214639865 1.0575400665464694e-14 3300
-12 2930 -1784.326691805647 1784.326691804647 1.0575400665464694e-14 3300
-10 2930 -1700.0471621462493 1700.0471621452493 1.0575400665464694e-14 3300
-8 2930 -1615.7676324869099 1615.7676324859099 1.0575400665464694e-14 3300
-6 2930 -1531.4881028274976 1531.4881028264977 1.0575400665464694e-14 3300
-4 2930 -1447.2085731680563 1447.2085731670563 1.0575400665464694e-14 3300
-2 2930 -1362.9290435087169 1362.9290435077169 1.0575400665464694e-14 3300
0 2930 -1278.649513849392 1278.649513848392 1.0575400665464694e-14 3300
-30 2940 -2380.568101316807 2380.568101315807 1.0575400665464694e-14 3300
-28 2940 -2296.2888125225727 2296.2888125215727 1.0575400665464694e-14 3300
-26 2940 -2212.009523728353 2212.009523727353 1.0575400665464694e-14 3300
-24 2940 -2127.7284565244627 2127.7284565234627 1.0575400665464694e-14 3300
-22 2940 -2043.4489268651087 2043.4489268641087 1.0575400665464694e-14 3300
-20 2940 -1959.169397205682 1959.169397204682 1.0575400665464694e-14 3300
-18 2940 -1874.8898675462988 1874.8898675452988 1.0575400665464694e-14 3300
-16 2940 -1790.6103378869739 1790.6103378859739 1.0575400665464694e-14 3300
-14 2940 -1706.3308082275325 1706.3308082265326 1.0575400665464694e-14 3300
-12 2940 -1622.051278568193 1622.051278567193 1.0575400665464694e-14 3300
-10 2940 -1537.7717489087372 1537.7717489077372 1.0575400665464694e-14 3300
-8 2940 -1453.4922192493977 1453.4922192483978 1.0575400665464694e-14 3300
-6 2940 -1369.21268959 1369.212689589 1.0575400665464694e-14 3300
-4 2940 -1284.9331599305733 1284.9331599295733 1.0575400665464694e-14 3300
-2 2940 -1200.6536302712339 1200.6536302702339 1.0575400665464694e-14 3300
0 2940 -1116.3741006118507 1116.3741006108507 1.0575400665464694e-14 3300
-30 2950 -2218.293151851496 2218.293151850496 1.0575400665464694e-14 3300
-28 2950 -2134.0121026058623 2134.0121026048623 1.0575400665464694e-14 3300
-26 2950 -2049.7325729464937 2049.7325729454938 1.0575400665464694e-14 3300
-24 2950 -1965.453043287067 1965.453043286067 1.0575400665464694e-14 3300
-22 2950 -1881.1735136276984 1881.1735136266984 1.0575400665464694e-14 3300
-20 2950 -1796.8939839683153 1796.8939839673153 1.0575400665464694e-14 3300
-18 2950 -1712.6144543088885 1712.6144543078885 1.0575400665464694e-14 3300
-16 2950 -1628.3349246495345 1628.3349246485345 1.0575400665464694e-14 3300
-14 2950 -1544.0553949900932 1544.0553949890932 1.0575400665464694e-14 3300
-12 2950 -1459.7758653307537 1459.7758653297537 1.0575400665464694e-14 3300
-10 2950 -1375.4963356713706 1375.4963356703706 1.0575400665464694e-14 3300
-8 2950 -1291.2168060120312 1291.2168060110312 1.0575400665464694e-14 3300
-6 2950 -1206.9372763525753 1206.9372763515753 1.0575400665464694e-14 3300
-4 2950 -1122.657746693163 1122.657746692163 1.0575400665464694e-14 3300
-2 2950 -1038.378217033809 1038.378217032809 1.0575400665464694e-14 3300
0 2950 -954.0970207401551 954.0970207391551 1.0575400665464694e-14 3300
