-30 2750 -5271.456572825395 4871.456572824394 -400 3300
-28 2750 -5187.176964952843 4787.176964951843 -400 3300
-26 2750 -5102.897357080248 4702.897357079248 -400 3300
-24 2750 -5018.617749207668 4618.617749206667 -400 3300
-22 2750 -4934.3381413350435 4534.338141334043 -400 3300
-20 2750 -4850.058533462565 4450.058533461564 -400 3300
-18 2750 -4765.778925589955 4365.778925588955 -400 3300
-16 2750 -4681.499317717418 4281.499317716418 -400 3300
-14 2750 -4597.219709844823 4197.219709843823 -400 3300
-12 2750 -4512.940101972257 4112.940101971257 -400 3300
-10 2750 -4428.6604940996185 4028.6604940986185 -400 3300
-8 2750 -4344.380886227125 3944.3808862261253 -400 3300
-6 2750 -4260.101278354559 3860.1012783535593 -400 3300
-4 2750 -4175.821670481979 3775.821670480979 -400 3300
-2 2750 -4091.5420626093837 3691.5420626083837 -400 3300
0 2750 -4007.2624547369196 3607.2624547359196 -400 3300
-30 2760 -5109.181008992804 4709.1810089918035 -400 3300
-28 2760 -5024.901401120267 4624.901401119267 -400 3300
-26 2760 -4940.621793247687 4540.621793246686 -400 3300
-24 2760 -4856.342185375121 4456.34218537412 -400 3300
-22 2760 -4772.0625775025255 4372.062577501525 -400 3300
-20 2760 -4687.782969629974 4287.782969628974 -400 3300
-18 2760 -4603.503361757379 4203.503361756379 -400 3300
-16 2760 -4519.223753884813 4119.223753883813 -400 3300
-14 2760 -4434.9441460122325 4034.9441460112325 -400 3300
-12 2760 -4350.66453813971 3950.66453813871 -400 3300
-10 2760 -4266.384930267057 3866.384930266057 -400 3300
-8 2760 -4182.1053223946365 3782.1053223936365 -400 3300
-6 2760 -4097.825714522041 3697.8257145210414 -400 3300
-4 2760 -4013.5461066494026 3613.5461066484027 -400 3300
-2 2760 -3929.266498776851 3529.2664987758512 -400 3300
0 2760 -3844.9868909043726 3444.9868909033726 -400 3300
-30 2770 -4946.905445160344 4546.905445159344 -400 3300
-28 2770 -4862.625837287749 4462.625837286749 -400 3300
-26 2770 -4778.346229415212 4378.346229414212 -400 3300
-24 2770 -4694.066621542632 4294.066621541631 -400 3300
-22 2770 -4609.787013669993 4209.787013668993 -400 3300
-20 2770 -4525.507405797485 4125.507405796485 -400 3300
-18 2770 -4441.227797924832 4041.227797923832 -400 3300
-16 2770 -4356.948190052324 3956.948190051324 -400 3300
-14 2770 -4272.668582179758 3872.6685821787582 -400 3300
-12 2770 -4188.3889743072505 3788.3889743062505 -400 3300
-10 2770 -4104.109366434568 3704.109366433568 -400 3300
-8 2770 -4019.829758562031 3619.829758561031 -400 3300
-6 2770 -3935.55015068948 3535.55015068848 -400 3300
-4 2770 -3851.2705428168556 3451.2705428158556 -400 3300
-2 2770 -3766.990934944304 3366.990934943304 -400 3300
0 2770 -3682.711327071811 3282.711327070811 -400 3300
-30 2780 -4784.629881327841 4384.62988132684 -400 3300
-28 2780 -4700.3502734553185 4300.350273454318 -400 3300
-26 2780 -4616.070665582782 4216.070665581781 -400 3300
-24 2780 -4531.791057710143 4131.7910577091425 -400 3300
-22 2780 -4447.511449837562 4047.5114498365624 -400 3300
-20 2780 -4363.231841965011 3963.231841964011 -400 3300
-18 2780 -4278.952234092416 3878.952234091416 -400 3300
-16 2780 -4194.672626219879 3794.672626218879 -400 3300
-14 2780 -4110.3930183472985 3710.3930183462985 -400 3300
-12 2780 -4026.1134104747616 3626.1134104737616 -400 3300
-10 2780 -3941.8338026021374 3541.8338026011374 -400 3300
-8 2780 -3857.554194729615 3457.554194728615 -400 3300
-6 2780 -3773.274586857049 3373.274586856049 -400 3300
-4 2780 -3688.9949789844686 3288.9949789834686 -400 3300
-2 2780 -3604.715371111859 3204.715371110859 -400 3300
0 2780 -3520.4357632393367 3120.4357632383367 -400 3300
-30 2790 -4622.354317495236 4222.354317494235 -400 3300
-28 2790 -4538.074709622713 4138.074709621713 -400 3300
-26 2790 -4453.795101750089 4053.795101749089 -400 3300
-24 2790 -4369.515493877581 3969.5154938765813 -400 3300
-22 2790 -4285.235886004972 3885.2358860039717 -400 3300
-20 2790 -4200.956278132449 3800.9562781314494 -400 3300
-18 2790 -4116.676670259825 3716.676670258825 -400 3300
-16 2790 -4032.3970623872156 3632.3970623862156 -400 3300
-14 2790 -3948.1174545146932 3548.1174545136932 -400 3300
-12 2790 -3863.8378466421127 3463.8378466411127 -400 3300
-10 2790 -3779.558238769532 3379.558238768532 -400 3300
-8 2790 -3695.2786308970535 3295.2786308960535 -400 3300
-6 2790 -3610.999023024473 3210.999023023473 -400 3300
-4 2790 -3526.7194151518634 3126.7194151508634 -400 3300
-2 2790 -3442.4398072792683 3042.4398072782683 -400 3300
0 2790 -3358.160199406746 2958.160199405746 -400 3300
-30 2800 -4460.078753662878 4060.0787536618777 -400 3300
-28 2800 -4375.799145790312 3975.7991457893118 -400 3300
-26 2800 -4291.519537917804 3891.519537916804 -400 3300
-24 2800 -4207.23993004518 3807.23993004418 -400 3300
-22 2800 -4122.960322172556 3722.9603221715556 -400 3300
-20 2800 -4038.680714300004 3638.680714299004 -400 3300
-18 2800 -3954.4011064273946 3554.4011064263946 -400 3300
-16 2800 -3870.1214985549013 3470.1214985539013 -400 3300
-14 2800 -3785.8418906822626 3385.8418906812626 -400 3300
-12 2800 -3701.562282809755 3301.562282808755 -400 3300
-10 2800 -3617.2826749371307 3217.2826749361307 -400 3300
-8 2800 -3533.0030670646956 3133.0030670636957 -400 3300
-6 2800 -3448.7234591919987 3048.7234591909987 -400 3300
-4 2800 -3364.4438513194764 2964.4438513184764 -400 3300
-2 2800 -3280.164243446852 2880.164243445852 -400 3300
0 2800 -3195.8846355744026 2795.8846355734026 -400 3300
-30 2810 -4297.8031898302725 3897.8031898292725 -400 3300
-28 2810 -4213.523581957663 3813.523581956663 -400 3300
-26 2810 -4129.243974085199 3729.2439740841987 -400 3300
-24 2810 -4044.96436621256 3644.96436621156 -400 3300
-22 2810 -3960.6847583400086 3560.6847583390086 -400 3300
-20 2810 -3876.4051504674426 3476.4051504664426 -400 3300
-18 2810 -3792.1255425948184 3392.1255425938184 -400 3300
-16 2810 -3707.8459347223106 3307.8459347213106 -400 3300
-14 2810 -3623.56632684973 3223.56632684873 -400 3300
-12 2810 -3539.286718977106 3139.286718976106 -400 3300
-10 2810 -3455.0071111045254 3055.0071111035254 -400 3300
-8 2810 -3370.727503232076 2970.727503231076 -400 3300
-6 2810 -3286.4478953594516 2886.4478953584517 -400 3300
-4 2810 -3202.168287486871 2802.168287485871 -400 3300
-2 2810 -3117.888679614305 2717.888679613305 -400 3300
0 2810 -3033.6090717417974 2633.6090717407974 -400 3300
-30 2820 -4135.5276259977545 3735.5276259967545 -400 3300
-28 2820 -4051.2480181251885 3651.2480181241885 -400 3300
-26 2820 -3966.968410252637 3566.968410251637 -400 3300
-24 2820 -3882.6888023799984 3482.6888023789984 -400 3300
-22 2820 -3798.4091945074324 3398.4091945064324 -400 3300
-20 2820 -3714.129586634881 3314.129586633881 -400 3300
-18 2820 -3629.8499787622713 3229.8499787612714 -400 3300
-16 2820 -3545.570370889749 3145.570370888749 -400 3300
-14 2820 -3461.2907630171103 3061.2907630161103 -400 3300
-12 2820 -3377.0111551446025 2977.0111551436025 -400 3300
-10 2820 -3292.7315472719783 2892.7315472709784 -400 3300
-8 2820 -3208.451939399529 2808.451939398529 -400 3300
-6 2820 -3124.1723315269046 2724.1723315259046 -400 3300
-4 2820 -3039.8927236543095 2639.8927236533095 -400 3300
-2 2820 -2955.6131157817144 2555.6131157807145 -400 3300
0 2820 -2871.3335079091776 2471.3335079081776 -400 3300
-30 2830 -3973.252062165193 3573.252062164193 -400 3300
-28 2830 -3888.9724542926124 3488.9724542916124 -400 3300
-26 2830 -3804.69284642009 3404.69284641909 -400 3300
-24 2830 -3720.413238547524 3320.413238546524 -400 3300
-22 2830 -3636.133630674958 3236.133630673958 -400 3300
-20 2830 -3551.8540228023776 3151.8540228013776 -400 3300
-18 2830 -3467.574414929768 3067.574414928768 -400 3300
-16 2830 -3383.29480705726 2983.29480705626 -400 3300
-14 2830 -3299.015199184636 2899.015199183636 -400 3300
-12 2830 -3214.7355913120555 2814.7355913110555 -400 3300
-10 2830 -3130.4559834394604 2730.4559834384604 -400 3300
-8 2830 -3046.1763755669817 2646.1763755659817 -400 3300
-6 2830 -2961.8967676943867 2561.8967676933867 -400 3300
-4 2830 -2877.6171598217916 2477.6171598207916 -400 3300
-2 2830 -2793.3375519492693 2393.3375519482693 -400 3300
0 2830 -2709.057944076718 2309.057944075718 -400 3300
-30 2840 -3810.9764983326895 3410.9764983316895 -400 3300
-28 2840 -3726.6968904600944 3326.6968904590944 -400 3300
-26 2840 -3642.4172825875285 3242.4172825865285 -400 3300
-24 2840 -3558.137674714948 3158.137674713948 -400 3300
-22 2840 -3473.858066842353 3073.858066841353 -400 3300
-20 2840 -3389.5784589698014 2989.5784589688014 -400 3300
-18 2840 -3305.2988510972064 2905.2988510962064 -400 3300
-16 2840 -3221.0192432246695 2821.0192432236695 -400 3300
-14 2840 -3136.7396353521035 2736.7396353511035 -400 3300
-12 2840 -3052.4600274795666 2652.4600274785666 -400 3300
-10 2840 -2968.1804196069716 2568.1804196059716 -400 3300
-8 2840 -2883.9008117344347 2483.9008117334347 -400 3300
-6 2840 -2799.6212038618687 2399.6212038608687 -400 3300
-4 2840 -2715.3415959892445 2315.3415959882445 -400 3300
-2 2840 -2631.061988116693 2231.061988115693 -400 3300
0 2840 -2546.782380244171 2146.782380243171 -400 3300
-30 2850 -3648.7009345001716 3248.7009344991716 -400 3300
-28 2850 -3564.42132662762 3164.42132662662 -400 3300
-26 2850 -3480.141718755098 3080.141718754098 -400 3300
-24 2850 -3395.8621108824736 2995.8621108814737 -400 3300
-22 2850 -3311.582503009893 2911.582503008893 -400 3300
-20 2850 -3227.3028951373417 2827.3028951363417 -400 3300
-18 2850 -3143.0232872647757 2743.0232872637757 -400 3300
-16 2850 -3058.7436793921806 2658.7436793911806 -400 3300
-14 2850 -2974.464071519629 2574.464071518629 -400 3300
-12 2850 -2890.184463647034 2490.184463646034 -400 3300
-10 2850 -2805.9048557744827 2405.9048557734827 -400 3300
-8 2850 -2721.625247901975 2321.625247900975 -400 3300
-6 2850 -2637.3456400293217 2237.3456400283217 -400 3300
-4 2850 -2553.066032156785 2153.066032155785 -400 3300
-2 2850 -2468.786424284219 2068.786424283219 -400 3300
0 2850 -2384.5068164116965 1984.5068164106965 -400 3300
-30 2860 -3486.4253706675518 3086.4253706665518 -400 3300
-28 2860 -3402.145762795015 3002.145762794015 -400 3300
-26 2860 -3317.8661549224053 2917.8661549214053 -400 3300
-24 2860 -3233.5865470498684 2833.5865470488684 -400 3300
-22 2860 -3149.306939177244 2749.306939176244 -400 3300
-20 2860 -3065.0273313047364 2665.0273313037364 -400 3300
-18 2860 -2980.7477234321414 2580.7477234311414 -400 3300
-16 2860 -2896.468115559561 2496.468115558561 -400 3300
-14 2860 -2812.1885076870385 2412.1885076860385 -400 3300
-12 2860 -2727.9088998144 2327.9088998134 -400 3300
-10 2860 -2643.6292919418484 2243.6292919408484 -400 3300
-8 2860 -2559.3496840693406 2159.3496840683406 -400 3300
-6 2860 -2475.0700761967164 2075.0700761957164 -400 3300
-4 2860 -2390.7904683241504 1990.7904683231504 -400 3300
-2 2860 -2306.5108604515844 1906.5108604505845 -400 3300
0 2860 -2222.2312525790767 1822.2312525780767 -400 3300
-30 2870 -3324.1498068352957 2924.1498068342958 -400 3300
-28 2870 -3239.8701989627007 2839.8701989617007 -400 3300
-26 2870 -3155.5905910902075 2755.5905910892075 -400 3300
-24 2870 -3071.310983217554 2671.310983216554 -400 3300
-22 2870 -2987.031375344959 2587.031375343959 -400 3300
-20 2870 -2902.751767472466 2502.751767471466 -400 3300
-18 2870 -2818.4721595998562 2418.4721595988563 -400 3300
-16 2870 -2734.192551727305 2334.192551726305 -400 3300
-14 2870 -2649.9129438546806 2249.9129438536806 -400 3300
-12 2870 -2565.6333359821583 2165.6333359811583 -400 3300
-10 2870 -2481.3537281094905 2081.3537281084905 -400 3300
-8 2870 -2397.0741202370846 1997.0741202360846 -400 3300
-6 2870 -2312.7945123644604 1912.7945123634604 -400 3300
-4 2870 -2228.5149044918653 1828.5149044908653 -400 3300
-2 2870 -2144.2336779337056 1744.2336779327056 -400 3300
0 2870 -2059.9541482743225 1659.9541482733225 -400 3300
-30 2880 -3161.874243002734 2761.874243001734 -400 3300
-28 2880 -3077.594635130139 2677.594635129139 -400 3300
-26 2880 -2993.315027257486 2593.315027256486 -400 3300
-24 2880 -2909.035419384978 2509.035419383978 -400 3300
-22 2880 -2824.7558115123247 2424.7558115113247 -400 3300
-20 2880 -2740.4762036398315 2340.4762036388315 -400 3300
-18 2880 -2656.1965957671637 2256.1965957661637 -400 3300
-16 2880 -2571.916987894685 2171.916987893685 -400 3300
-14 2880 -2487.637380022061 2087.637380021061 -400 3300
-12 2880 -2403.3577721494803 2003.3577721484803 -400 3300
-10 2880 -2319.0781642768998 1919.0781642758998 -400 3300
-8 2880 -2234.7985564043775 1834.7985564033775 -400 3300
-6 2880 -2150.5189485318115 1750.5189485308115 -400 3300
-4 2880 -2066.2377943554166 1666.2377943544166 -400 3300
-2 2880 -1981.958264696019 1581.958264695019 -400 3300
0 2880 -1897.6787350366649 1497.6787350356649 -400 3300
-30 2890 -2999.598679170187 2599.598679169187 -400 3300
-28 2890 -2915.319071297592 2515.319071296592 -400 3300
-26 2890 -2831.0394634250406 2431.0394634240406 -400 3300
-24 2890 -2746.759855552431 2346.759855551431 -400 3300
-22 2890 -2662.480247679923 2262.480247678923 -400 3300
-20 2890 -2578.200639807328 2178.200639806328 -400 3300
-18 2890 -2493.921031934675 2093.921031933675 -400 3300
-16 2890 -2409.6414240621816 2009.6414240611816 -400 3300
-14 2890 -2325.3618161895574 1925.3618161885574 -400 3300
-12 2890 -2241.082208317035 1841.0822083160351 -400 3300
-10 2890 -2156.80260044444 1756.80260044344 -400 3300
-8 2890 -2072.521440436816 1672.5214404358162 -400 3300
-6 2890 -1988.241910777433 1588.241910776433 -400 3300
-4 2890 -1903.9623811179772 1503.9623811169772 -400 3300
-2 2890 -1819.682851458594 1419.682851457594 -400 3300
0 2890 -1735.4033217992255 1335.4033217982255 -400 3300
-30 2900 -2837.3231153375527 2437.3231153365527 -400 3300
-28 2900 -2753.0435074650013 2353.0435074640013 -400 3300
-26 2900 -2668.7638995923917 2268.7638995913917 -400 3300
-24 2900 -2584.4842917198257 2184.4842917188257 -400 3300
-22 2900 -2500.204683847187 2100.204683846187 -400 3300
-20 2900 -2415.9250759746355 2015.9250759736356 -400 3300
-18 2900 -2331.6454681020987 1931.6454681010987 -400 3300
-16 2900 -2247.3658602295764 1847.3658602285764 -400 3300
-14 2900 -2163.0862523569813 1763.0862523559813 -400 3300
-12 2900 -2078.8050865179102 1678.8050865169103 -400 3300
-10 2900 -1994.5255568585417 1594.5255568575417 -400 3300
-8 2900 -1910.246027199115 1510.246027198115 -400 3300
-6 2900 -1825.9664975397463 1425.9664975387464 -400 3300
-4 2900 -1741.6869678803196 1341.6869678793196 -400 3300
-2 2900 -1657.407438220922 1257.407438219922 -400 3300
0 2900 -1573.1279085615824 1173.1279085605825 -400 3300
-30 2910 -2675.0475515050057 2275.0475515040057 -400 3300
-28 2910 -2590.7679436324543 2190.7679436314543 -400 3300
-26 2910 -2506.488335759903 2106.488335758903 -400 3300
-24 2910 -2422.208727887337 2022.2087278863369 -400 3300
-22 2910 -2337.9291200147563 1937.9291200137563 -400 3300
-20 2910 -2253.649512142176 1853.6495121411758 -400 3300
-18 2910 -2169.3699042695953 1769.3699042685953 -400 3300
-16 2910 -2085.0887325991353 1685.0887325981353 -400 3300
-14 2910 -2000.809202939723 1600.809202938723 -400 3300
-12 2910 -1916.5296732803836 1516.5296732793836 -400 3300
-10 2910 -1832.2501436209568 1432.2501436199568 -400 3300
-8 2910 -1747.9706139616028 1347.9706139606028 -400 3300
-6 2910 -1663.6910843022197 1263.6910843012197 -400 3300
-4 2910 -1579.4115546428075 1179.4115546418075 -400 3300
-2 2910 -1495.132024983439 1095.132024982439 -400 3300
0 2910 -1410.8524953240994 1010.8524953230994 -400 3300
-30 2920 -2512.7719876725896 2112.7719876715896 -400 3300
-28 2920 -2428.492379800038 2028.4923797990382 -400 3300
-26 2920 -2344.212771927414 1944.212771926414 -400 3300
-24 2920 -2259.9331640548335 1859.9331640538335 -400 3300
-22 2920 -2175.653556182311 1775.6535561813112 -400 3300
-20 2920 -2091.372378680506 1691.3723786795058 -400 3300
-18 2920 -2007.09284902105 1607.09284902005 -400 3300
-16 2920 -1922.813319361696 1522.813319360696 -400 3300
-14 2920 -1838.5337897022691 1438.5337897012691 -400 3300
-12 2920 -1754.2542600429297 1354.2542600419297 -400 3300
-10 2920 -1669.974730383532 1269.974730382532 -400 3300
-8 2920 -1585.6952007241925 1185.6952007231926 -400 3300
-6 2920 -1501.4156710647512 1101.4156710637512 -400 3300
-4 2920 -1417.1361414053972 1017.1361414043972 -400 3300
-2 2920 -1332.8566117459995 932.8566117449996 -400 3300
0 2920 -1248.5770820866455 848.5770820856455 -400 3300
-30 2930 -2350.4964238399843 1950.4964238389844 -400 3300
-28 2930 -2266.216815967433 1866.216815966433 -400 3300
-26 2930 -2181.937208094867 1781.937208093867 -400 3300
-24 2930 -2097.6560247616726 1697.6560247606726 -400 3300
-22 2930 -2013.3764951022604 1613.3764951012604 -400 3300
-20 2930 -1929.0969654429064 1529.0969654419064 -400 3300
-18 2930 -1844.8174357834796 1444.8174357824796 -400 3300
-16 2930 -1760.5379061241692 1360.5379061231693 -400 3300
-14 2930 -1676.2583764647134 1276.2583764637134 -400 3300
-12 2930 -1591.9788468053594 1191.9788468043594 -400 3300
-10 2930 -1507.699317145918 1107.699317144918 -400 3300
-8 2930 -1423.4197874866222 1023.4197874856222 -400 3300
-6 2930 -1339.1402578271955 939.1402578261955 -400 3300
-4 2930 -1254.8607281677396 854.8607281667396 -400 3300
-2 2930 -1170.5811985083856 770.5811985073856 -400 3300
0 2930 -1086.3016688490752 686.3016688480752 -400 3300
-30 2940 -2188.2208600074664 1788.2208600064664 -400 3300
-28 2940 -2103.939670842956 1703.9396708419558 -400 3300
-26 2940 -2019.6601411835873 1619.6601411825873 -400 3300
-24 2940 -1935.3806115241605 1535.3806115231605 -400 3300
-22 2940 -1851.1010818648065 1451.1010818638065 -400 3300
-20 2940 -1766.8215522054234 1366.8215522044234 -400 3300
-18 2940 -1682.542022545982 1282.542022544982 -400 3300
-16 2940 -1598.262492886628 1198.262492885628 -400 3300
-14 2940 -1513.9829632271721 1113.9829632261722 -400 3300
-12 2940 -1429.703433567891 1029.703433566891 -400 3300
-10 2940 -1345.423903908435 945.423903907435 -400 3300
-8 2940 -1261.1443742490956 861.1443742480956 -400 3300
-6 2940 -1176.864844589698 776.8648445886979 -400 3300
-4 2940 -1092.5853149302711 692.5853149292711 -400 3300
-2 2940 -1008.3057852709026 608.3057852699026 -400 3300
0 2940 -924.0247579802817 524.0247579792817 -400 3300
-30 2950 -2025.9437872649287 1625.9437872639287 -400 3300
-28 2950 -1941.6642576055892 1541.6642576045892 -400 3300
-26 2950 -1857.384727946177 1457.384727945177 -400 3300
-24 2950 -1773.1051982867357 1373.1051982857357 -400 3300
-22 2950 -1688.8256686274253 1288.8256686264253 -400 3300
-20 2950 -1604.546138968013 1204.5461389670131 -400 3300
-18 2950 -1520.2666093085718 1120.2666093075718 -400 3300
-16 2950 -1435.9870796492032 1035.9870796482032 -400 3300
-14 2950 -1351.707549989762 951.7075499887619 -400 3300
-12 2950 -1267.428020330408 867.4280203294079 -400 3300
-10 2950 -1183.148490671083 783.148490670083 -400 3300
-8 2950 -1098.8689610116999 698.8689610106999 -400 3300
-6 2950 -1014.589431352244 614.589431351244 -400 3300
-4 2950 -930.3083861033956 530.3083861023956 -400 3300
-2 2950 -846.0290973091032 446.02909730810325 -400 3300
0 2950 -761.7498085149127 361.74980851391274 -400 3300
