-30 2750 -5345.028412110318 4945.028412109317 -400 3311
-28 2750 -5261.490519048355 4861.490519047355 -400 3311
-26 2750 -5177.953106744404 4777.953106743404 -400 3311
-24 2750 -5094.416172759025 4694.416172758025 -400 3311
-22 2750 -5010.879709517147 4610.879709516146 -400 3311
-20 2750 -4927.343711155932 4527.343711154932 -400 3311
-18 2750 -4843.808174493548 4443.808174492548 -400 3311
-16 2750 -4760.273089411552 4360.273089410552 -400 3311
-14 2750 -4676.7384546261455 4276.738454625145 -400 3311
-12 2750 -4593.2042605738825 4193.204260572882 -400 3311
-10 2750 -4509.670503703004 4109.670503702004 -400 3311
-8 2750 -4426.13717795405 4026.1371779530496 -400 3311
-6 2750 -4342.604273995428 3942.6042739944282 -400 3311
-4 2750 -4259.0717887321225 3859.0717887311225 -400 3311
-2 2750 -4175.539703496237 3775.539703495237 -400 3311
0 2750 -4092.0080149398855 3692.0080149388855 -400 3311
-30 2760 -5185.051089436733 4785.051089435732 -400 3311
-28 2760 -5101.5141148373805 4701.51411483638 -400 3311
-26 2760 -5017.9776120932365 4617.977612092236 -400 3311
-24 2760 -4934.441574232158 4534.441574231158 -400 3311
-22 2760 -4850.905998822491 4450.90599882149 -400 3311
-20 2760 -4767.3708754346735 4367.370875433673 -400 3311
-18 2760 -4683.836202617167 4283.836202616167 -400 3311
-16 2760 -4600.301971418448 4200.301971417448 -400 3311
-14 2760 -4516.768177401245 4116.768177400245 -400 3311
-12 2760 -4433.234815614196 4033.234815613196 -400 3311
-10 2760 -4349.701875825791 3949.701875824791 -400 3311
-8 2760 -4266.169355679478 3866.169355678478 -400 3311
-6 2760 -4182.637236729206 3782.637236728206 -400 3311
-4 2760 -4099.1055145668215 3699.1055145658215 -400 3311
-2 2760 -4015.574176984752 3615.574176983752 -400 3311
0 2760 -3932.0432122876955 3532.0432122866955 -400 3311
-30 2770 -5025.075518025507 4625.075518024507 -400 3311
-28 2770 -4941.539440664579 4541.539440663579 -400 3311
-26 2770 -4858.003826406115 4458.0038264051145 -400 3311
-24 2770 -4774.468664712389 4374.468664711389 -400 3311
-22 2770 -4690.933953764426 4290.933953763426 -400 3311
-20 2770 -4607.399685419121 4207.3996854181205 -400 3311
-18 2770 -4523.865854255637 4123.865854254636 -400 3311
-16 2770 -4440.332456318603 4040.3324563176034 -400 3311
-14 2770 -4356.799480700502 3956.7994806995016 -400 3311
-12 2770 -4273.266925491538 3873.266925490538 -400 3311
-10 2770 -4189.734772826807 3789.734772825807 -400 3311
-8 2770 -4106.203016951506 3706.2030169505056 -400 3311
-6 2770 -4022.6716476203583 3622.6716476193583 -400 3311
-4 2770 -3939.140651240159 3539.140651239159 -400 3311
-2 2770 -3855.6100243604596 3455.6100243594597 -400 3311
0 2770 -3772.079749043056 3372.079749042056 -400 3311
-30 2780 -4865.1016572445515 4465.101657243551 -400 3311
-28 2780 -4781.5664572449605 4381.56645724396 -400 3311
-26 2780 -4698.031708068025 4298.031708067025 -400 3311
-24 2780 -4614.497402576133 4214.497402575133 -400 3311
-22 2780 -4530.9635342662805 4130.96353426528 -400 3311
-20 2780 -4447.430100067533 4047.430100066533 -400 3311
-18 2780 -4363.897088619575 3963.897088618575 -400 3311
-16 2780 -4280.364498168245 3880.3644981672446 -400 3311
-14 2780 -4196.832311788952 3796.832311787952 -400 3311
-12 2780 -4113.300522199424 3713.3005221984245 -400 3311
-10 2780 -4029.769120948011 3629.769120947011 -400 3311
-8 2780 -3946.2380928845814 3546.2380928835814 -400 3311
-6 2780 -3862.7074353169446 3462.7074353159446 -400 3311
-4 2780 -3779.1771303513524 3379.1771303503524 -400 3311
-2 2780 -3695.6471742847643 3295.6471742837643 -400 3311
0 2780 -3612.1175535758957 3212.1175535748957 -400 3311
-30 2790 -4705.129465553415 4305.129465552414 -400 3311
-28 2790 -4621.595122889383 4221.595122888382 -400 3311
-26 2790 -4538.061217433249 4138.061217432249 -400 3311
-24 2790 -4454.527746860767 4054.5277468597674 -400 3311
-22 2790 -4370.994699583025 3970.994699582025 -400 3311
-20 2790 -4287.462073709627 3887.4620737086266 -400 3311
-18 2790 -4203.929853615802 3803.929853614802 -400 3311
-16 2790 -4120.398030311975 3720.398030310975 -400 3311
-14 2790 -4036.866596967724 3636.866596966724 -400 3311
-12 2790 -3953.335537221021 3553.335537220021 -400 3311
-10 2790 -3869.8048487925844 3469.8048487915844 -400 3311
-8 2790 -3786.274514178789 3386.274514177789 -400 3311
-6 2790 -3702.7445284977875 3302.7445284967876 -400 3311
-4 2790 -3619.214880221538 3219.214880220538 -400 3311
-2 2790 -3535.6855562469573 3135.6855562459573 -400 3311
0 2790 -3452.15655320909 3052.15655320809 -400 3311
-30 2800 -4545.1589037563535 4145.158903755353 -400 3311
-28 2800 -4461.62539669851 4061.6253966975096 -400 3311
-26 2800 -4378.092313590896 3978.092313589896 -400 3311
-24 2800 -4294.559652115611 3894.5596521146113 -400 3311
-22 2800 -4211.027398307342 3811.027398306342 -400 3311
-20 2800 -4127.495541289187 3727.495541288187 -400 3311
-18 2800 -4043.9640756795707 3643.9640756785707 -400 3311
-16 2800 -3960.432984249652 3560.432984248652 -400 3311
-14 2800 -3876.9022647873207 3476.9022647863208 -400 3311
-12 2800 -3793.3719005253806 3393.3719005243806 -400 3311
-10 2800 -3709.841885196336 3309.841885195336 -400 3311
-8 2800 -3626.3122092083213 3226.3122092073213 -400 3311
-6 2800 -3542.7828576797037 3142.7828576787037 -400 3311
-4 2800 -3459.2538280080626 3059.2538280070626 -400 3311
-2 2800 -3375.7251048813487 2975.7251048803487 -400 3311
0 2800 -3292.196685608782 2892.196685607782 -400 3311
-30 2810 -4385.1899306431005 3985.1899306421005 -400 3311
-28 2810 -4301.657233391219 3901.657233390219 -400 3311
-26 2810 -4218.124945863485 3818.1249458624848 -400 3311
-24 2810 -4134.593055130972 3734.593055129972 -400 3311
-22 2810 -4051.061557083405 3651.061557082405 -400 3311
-20 2810 -3967.5304339702125 3567.5304339692125 -400 3311
-18 2810 -3883.9996833012265 3483.9996833002265 -400 3311
-16 2810 -3800.469289391127 3400.469289390127 -400 3311
-14 2810 -3716.9392444140394 3316.9392444130394 -400 3311
-12 2810 -3633.409540536333 3233.4095405353332 -400 3311
-10 2810 -3549.8801614536787 3149.8801614526787 -400 3311
-8 2810 -3466.351105000809 3066.351104999809 -400 3311
-6 2810 -3382.822356055156 2982.822356054156 -400 3311
-4 2810 -3299.2939109757717 2899.2939109747717 -400 3311
-2 2810 -3215.765768346013 2815.765768345013 -400 3311
0 2810 -3132.237926796224 2732.237926795224 -400 3311
-30 2820 -4225.222496284332 3825.222496283332 -400 3311
-28 2820 -4141.690571837389 3741.690571836389 -400 3311
-26 2820 -4058.1590411793004 3658.1590411783004 -400 3311
-24 2820 -3974.6278863829066 3574.6278863819066 -400 3311
-22 2820 -3891.097104334316 3491.097104333316 -400 3311
-20 2820 -3807.5666807759553 3407.5666807749553 -400 3311
-18 2820 -3724.036606150854 3324.036606149854 -400 3311
-16 2820 -3640.5068742055882 3240.5068742045883 -400 3311
-14 2820 -3556.977467568795 3156.977467567795 -400 3311
-12 2820 -3473.4483841873007 3073.4483841863007 -400 3311
-10 2820 -3389.9196094226936 2989.9196094216936 -400 3311
-8 2820 -3306.391138524603 2906.391138523603 -400 3311
-6 2820 -3222.8629703045153 2822.8629703035153 -400 3311
-4 2820 -3139.3351031726343 2739.3351031716343 -400 3311
-2 2820 -3055.8075364178803 2655.8075364168803 -400 3311
0 2820 -2972.280266283982 2572.280266282982 -400 3311
-30 2830 -4065.2565279673436 3665.2565279663436 -400 3311
-28 2830 -3981.7253414876177 3581.7253414866177 -400 3311
-26 2830 -3898.1945278865314 3498.1945278855314 -400 3311
-24 2830 -3814.6640746799967 3414.6640746789967 -400 3311
-22 2830 -3731.133970406823 3331.133970405823 -400 3311
-20 2830 -3647.604210216072 3247.604210215072 -400 3311
-18 2830 -3564.074776025198 3164.074776024198 -400 3311
-16 2830 -3480.5456655676244 3080.5456655666244 -400 3311
-14 2830 -3397.0168649840634 2997.0168649830634 -400 3311
-12 2830 -3313.488368267106 2913.488368266106 -400 3311
-10 2830 -3229.9601744366373 2829.9601744356373 -400 3311
-8 2830 -3146.4322817226057 2746.4322817216057 -400 3311
-6 2830 -3062.904689593226 2662.904689592226 -400 3311
-4 2830 -2979.37739430333 2579.3773943023302 -400 3311
-2 2830 -2895.850395072659 2495.850395071659 -400 3311
0 2830 -2812.3236897555907 2412.3236897545908 -400 3311
-30 2840 -3905.2919540058356 3505.2919540048356 -400 3311
-28 2840 -3821.7614711031783 3421.7614711021783 -400 3311
-26 2840 -3738.2313371819037 3338.2313371809037 -400 3311
-24 2840 -3654.701548567784 3254.701548566784 -400 3311
-22 2840 -3571.172086822742 3171.172086821742 -400 3311
-20 2840 -3487.6429491417803 3087.6429491407803 -400 3311
-18 2840 -3404.1141227391636 3004.1141227381636 -400 3311
-16 2840 -3320.585600203398 2920.585600202398 -400 3311
-14 2840 -3237.057380742466 2837.057380741466 -400 3311
-12 2840 -3153.529462446386 2753.529462445386 -400 3311
-10 2840 -3070.00184490603 2670.00184490503 -400 3311
-8 2840 -2986.474524460078 2586.474524459078 -400 3311
-6 2840 -2902.9475000783714 2502.9475000773714 -400 3311
-4 2840 -2819.420769935983 2419.420769934983 -400 3311
-2 2840 -2735.8943319394893 2335.8943319384894 -400 3311
0 2840 -2652.36818474326 2252.36818474226 -400 3311
-30 2850 -3745.3287064760952 3345.3287064750953 -400 3311
-28 2850 -3661.798889260681 3261.798889259681 -400 3311
-26 2850 -3578.269399961573 3178.269399960573 -400 3311
-24 2850 -3494.7402349096374 3094.7402349086374 -400 3311
-22 2850 -3411.2113826881396 3011.2113826871396 -400 3311
-20 2850 -3327.6828343333764 2927.6828343323764 -400 3311
-18 2850 -3244.1545892219 2844.1545892209 -400 3311
-16 2850 -3160.6266453436983 2760.6266453426983 -400 3311
-14 2850 -3077.0990023562044 2677.0990023552044 -400 3311
-12 2850 -2993.571656754255 2593.571656753255 -400 3311
-10 2850 -2910.044607216667 2510.044607215667 -400 3311
-8 2850 -2826.5178522255155 2426.5178522245155 -400 3311
-6 2850 -2742.991389406292 2342.991389405292 -400 3311
-4 2850 -2659.46521775749 2259.46521775649 -400 3311
-2 2850 -2575.939331090296 2175.939331089296 -400 3311
0 2850 -2492.413728379921 2092.413728378921 -400 3311
-30 2860 -3585.36671544156 3185.36671544056 -400 3311
-28 2860 -3501.837522876187 3101.837522875187 -400 3311
-26 2860 -3418.3086448307877 3018.3086448297877 -400 3311
-24 2860 -3334.780070657158 2934.780070656158 -400 3311
-22 2860 -3251.25179987507 2851.25179987407 -400 3311
-20 2860 -3167.7238304146886 2767.7238304136886 -400 3311
-18 2860 -3084.1961619438516 2684.1961619428516 -400 3311
-16 2860 -3000.668791185919 2600.668791184919 -400 3311
-14 2860 -2917.141716492333 2517.141716491333 -400 3311
-12 2860 -2833.614936624217 2433.614936623217 -400 3311
-10 2860 -2750.088448982133 2350.088448981133 -400 3311
-8 2860 -2666.562252821139 2266.562252820139 -400 3311
-6 2860 -2583.0363420326466 2183.0363420316467 -400 3311
-4 2860 -2499.5107151324046 2099.5107151314046 -400 3311
-2 2860 -2415.985380547223 2015.985380546223 -400 3311
0 2860 -2332.460346507316 1932.460346506316 -400 3311
-30 2870 -3425.405909167239 3025.405909166239 -400 3311
-28 2870 -3341.8773091747134 2941.8773091737135 -400 3311
-26 2870 -3258.3490127018595 2858.3490127008595 -400 3311
-24 2870 -3174.821017659342 2774.821017658342 -400 3311
-22 2870 -3091.293323668957 2691.293323667957 -400 3311
-20 2870 -3007.7659277550265 2607.7659277540265 -400 3311
-18 2870 -2924.2388279055012 2524.2388279045012 -400 3311
-16 2870 -2840.712023132015 2440.712023131015 -400 3311
-14 2870 -2757.1855106671574 2357.1855106661574 -400 3311
-12 2870 -2673.659289934454 2273.659289933454 -400 3311
-10 2870 -2590.1333550245035 2190.1333550235036 -400 3311
-8 2870 -2506.607704002614 2106.607704001614 -400 3311
-6 2870 -2423.082343932765 2023.082343931765 -400 3311
-4 2870 -2339.557284356182 1939.5572843551822 -400 3311
-2 2870 -2256.0309335347847 1856.0309335337847 -400 3311
0 2870 -2172.506650907497 1772.5066509064968 -400 3311
-30 2880 -3265.446227702356 2865.446227701356 -400 3311
-28 2880 -3181.9182070777024 2781.9182070767024 -400 3311
-26 2880 -3098.3904875316075 2698.3904875306075 -400 3311
-24 2880 -3014.8630664615484 2614.8630664605485 -400 3311
-22 2880 -2931.3359414561273 2531.3359414551273 -400 3311
-20 2880 -2847.8091117489967 2447.8091117479967 -400 3311
-18 2880 -2764.2825744613074 2364.2825744603074 -400 3311
-16 2880 -2680.756329097261 2280.756329096261 -400 3311
-14 2880 -2597.230370065925 2197.230370064925 -400 3311
-12 2880 -2513.7046949227224 2113.7046949217224 -400 3311
-10 2880 -2430.1793094880995 2030.1793094870995 -400 3311
-8 2880 -2346.6542243747826 1946.6542243737827 -400 3311
-6 2880 -2263.127837723616 1863.1278377226158 -400 3311
-4 2880 -2179.6035209893307 1779.6035209883307 -400 3311
-2 2880 -2096.0796057649713 1696.0796057639714 -400 3311
0 2880 -2012.5561411188974 1612.5561411178974 -400 3311
-30 2890 -3105.4876535425137 2705.4876535415137 -400 3311
-28 2890 -3021.960207305601 2621.960207304601 -400 3311
-26 2890 -2938.433057144197 2538.433057143197 -400 3311
-24 2890 -2854.906202475162 2454.906202474162 -400 3311
-22 2890 -2771.37964036467 2371.37964036367 -400 3311
-20 2890 -2687.8533703096764 2287.8533703086764 -400 3311
-18 2890 -2604.327387156867 2204.327387155867 -400 3311
-16 2890 -2520.8016878923663 2120.8016878913663 -400 3311
-14 2890 -2437.27627721327 2037.27627721227 -400 3311
-12 2890 -2353.751166563263 1953.7511665622628 -400 3311
-10 2890 -2270.2263628689834 1870.2263628679834 -400 3311
-8 2890 -2186.700393969164 1786.700393968164 -400 3311
-6 2890 -2103.176444537996 1703.1764445369959 -400 3311
-4 2890 -2019.652938197687 1619.652938196687 -400 3311
-2 2890 -1936.1299232598249 1536.1299232588249 -400 3311
0 2890 -1852.6074143688893 1452.6074143678893 -400 3311
-30 2900 -2945.5301749696955 2545.5301749686955 -400 3311
-28 2900 -2862.0032953104237 2462.0032953094237 -400 3311
-26 2900 -2778.476708377115 2378.476708376115 -400 3311
-24 2900 -2694.9504135716998 2294.9504135706998 -400 3311
-22 2900 -2611.424406297403 2211.424406296403 -400 3311
-20 2900 -2527.898682911429 2127.898682910429 -400 3311
-18 2900 -2444.3732471081894 2044.3732471071894 -400 3311
-16 2900 -2360.8481109214918 1960.8481109204918 -400 3311
-14 2900 -2277.3232789990143 1877.3232789980143 -400 3311
-12 2900 -2193.797269846953 1793.797269845953 -400 3311
-10 2900 -2110.273286308744 1710.273286307744 -400 3311
-8 2900 -2026.7497388245247 1626.7497388235247 -400 3311
-6 2900 -1943.2266821278317 1543.2266821268317 -400 3311
-4 2900 -1859.704127439123 1459.7041274381231 -400 3311
-2 2900 -1776.1821426296665 1376.1821426286665 -400 3311
0 2900 -1692.6607401974034 1292.6607401964034 -400 3311
-30 2910 -2785.573778498656 2385.573778497656 -400 3311
-28 2910 -2702.0474588855286 2302.0474588845286 -400 3311
-26 2910 -2618.521427487489 2218.521427486489 -400 3311
-24 2910 -2534.995679980115 2134.995679979115 -400 3311
-22 2910 -2451.4702191729157 2051.4702191719157 -400 3311
-20 2910 -2367.9450574495277 1967.9450574485277 -400 3311
-18 2910 -2284.4201980270445 1884.4201980260445 -400 3311
-16 2910 -2200.8941486227704 1800.8941486217705 -400 3311
-14 2910 -2117.370130977506 1717.370130976506 -400 3311
-12 2910 -2033.8465429995995 1633.8465429985995 -400 3311
-10 2910 -1950.323444543974 1550.323444542974 -400 3311
-8 2910 -1866.8008447109896 1466.8008447099896 -400 3311
-6 2910 -1783.2788104504434 1383.2788104494434 -400 3311
-4 2910 -1699.7573581869074 1299.7573581859074 -400 3311
-2 2910 -1616.2365374207438 1216.2365374197439 -400 3311
0 2910 -1532.7163970609545 1132.7163970599545 -400 3311
-30 2920 -2625.618450727008 2225.618450726008 -400 3311
-28 2920 -2542.092679098336 2142.092679097336 -400 3311
-26 2920 -2458.567193407507 2058.567193406507 -400 3311
-24 2920 -2375.0420061473123 1975.0420061463124 -400 3311
-22 2920 -2291.5171199532197 1891.5171199522197 -400 3311
-20 2920 -2207.9910302965727 1807.9910302955727 -400 3311
-18 2920 -2124.466978544282 1724.466978543282 -400 3311
-16 2920 -2040.9433507228096 1640.9433507218096 -400 3311
-14 2920 -1957.420210508324 1557.420210507324 -400 3311
-12 2920 -1873.8975661847508 1473.8975661837508 -400 3311
-10 2920 -1790.3754824730277 1390.3754824720277 -400 3311
-8 2920 -1706.8539807578782 1306.8539807568782 -400 3311
-6 2920 -1623.3331025095686 1223.3331025085686 -400 3311
-4 2920 -1539.8129043373046 1139.8129043363047 -400 3311
-2 2920 -1456.2933934931498 1056.2933934921498 -400 3311
0 2920 -1372.7746078686905 972.7746078676905 -400 3311
-30 2930 -2465.6641698119056 2065.6641698109056 -400 3311
-28 2930 -2382.138957015064 1982.138957014064 -400 3311
-26 2930 -2298.614044777438 1898.6140447764378 -400 3311
-24 2930 -2215.0879148684326 1815.0879148674326 -400 3311
-22 2930 -2131.5638290092465 1731.5638290082466 -400 3311
-20 2930 -2048.0401619943586 1648.0401619933587 -400 3311
-18 2930 -1964.5169800209114 1564.5169800199114 -400 3311
-16 2930 -1880.9942918603047 1480.9942918593047 -400 3311
-14 2930 -1797.4721586974192 1397.4721586964192 -400 3311
-12 2930 -1713.9506075313402 1313.9506075303402 -400 3311
-10 2930 -1630.4296725106979 1230.4296725096979 -400 3311
-8 2930 -1546.9094165257993 1146.9094165247993 -400 3311
-6 2930 -1463.389845803351 1063.389845802351 -400 3311
-4 2930 -1379.8709980706917 979.8709980696917 -400 3311
-2 2930 -1296.3528812451987 896.3528812441987 -400 3311
0 2930 -1212.8354673024005 812.8354673014005 -400 3311
-30 2940 -2305.7109722640744 1905.7109722630744 -400 3311
-28 2940 -2222.1848023381317 1822.1848023371317 -400 3311
-26 2940 -2138.660682371992 1738.6606823709922 -400 3311
-24 2940 -2055.1369768137956 1655.1369768127956 -400 3311
-22 2940 -1971.6137530814885 1571.6137530804886 -400 3311
-20 2940 -1888.091021737564 1488.091021736564 -400 3311
-18 2940 -1804.5688391233707 1404.5688391223707 -400 3311
-16 2940 -1721.0472385063476 1321.0472385053477 -400 3311
-14 2940 -1637.5262474238698 1237.5262474228698 -400 3311
-12 2940 -1554.0059336264385 1154.0059336254385 -400 3311
-10 2940 -1470.486303390513 1070.486303389513 -400 3311
-8 2940 -1386.9673935496976 986.9673935486976 -400 3311
-6 2940 -1303.4492146661214 903.4492146651214 -400 3311
-4 2940 -1219.931742965986 819.9317429649859 -400 3311
-2 2940 -1136.4149505442765 736.4149505432765 -400 3311
0 2940 -1052.8988123800227 652.8988123790227 -400 3311
-30 2950 -2145.757538632868 1745.757538631868 -400 3311
-28 2950 -2062.233795181586 1662.2337951805862 -400 3311
-26 2950 -1978.7105296902737 1578.7105296892737 -400 3311
-24 2950 -1895.187755816587 1495.187755815587 -400 3311
-22 2950 -1811.665523751144 1411.665523750144 -400 3311
-20 2950 -1728.143873683075 1328.143873682075 -400 3311
-18 2950 -1644.6228272493463 1244.6228272483463 -400 3311
-16 2950 -1561.1024556392658 1161.1024556382658 -400 3311
-14 2950 -1477.5827662550582 1077.5827662540582 -400 3311
-12 2950 -1394.06379430597 994.0637943049701 -400 3311
-10 2950 -1310.5455533147033 910.5455533137033 -400 3311
-8 2950 -1227.0280235333194 827.0280235323194 -400 3311
-6 2950 -1143.511173398787 743.5111733977869 -400 3311
-4 2950 -1059.9949844788207 659.9949844778207 -400 3311
-2 2950 -976.477794963459 576.477794962459 -400 3311
0 2950 -892.9628975662345 492.96289756523447 -400 3311
