-30 2750 -4636.523326948707 2750.0 -1886.5233269477071 3311
-28 2750 -4579.9517338298465 2750.0 -1829.9517338288465 3311
-26 2750 -4523.3802765015425 2750.0 -1773.3802765005425 3311
-24 2750 -4466.808954135689 2750.0 -1716.8089541346894 3311
-22 2750 -4410.2377631599375 2750.0 -1660.2377631589375 3311
-20 2750 -4353.6667031633115 2750.0 -1603.6667031623115 3311
-18 2750 -4297.095774135654 2750.0 -1547.0957741346542 3311
-16 2750 -4240.524971834646 2750.0 -1490.5249718336458 3311
-14 2750 -4183.954292781287 2750.0 -1433.9542927802872 3311
-12 2750 -4127.383736975491 2750.0 -1377.383736974491 3311
-10 2750 -4070.813303429226 2750.0 -1320.813303428226 3311
-8 2750 -4014.242986576355 2750.0 -1264.2429865753552 3311
-6 2750 -3957.6727855471545 2750.0 -1207.6727855461545 3311
-4 2750 -3901.10270034158 2750.0 -1151.1027003405802 3311
-2 2750 -3844.5327273838775 2750.0 -1094.5327273828775 3311
0 2750 -3787.962862812492 2750.0 -1037.962862811492 3311
-30 2760 -4528.187031043286 2750.0 -1778.187031042286 3311
-28 2760 -4471.615697362067 2750.0 -1721.6156973610673 3311
-26 2760 -4415.044495257302 2750.0 -1665.0444952563016 3311
-24 2760 -4358.473424131618 2750.0 -1608.4734241306182 3311
-22 2760 -4301.902483985148 2750.0 -1551.9024839841481 3311
-20 2760 -4245.331671207707 2750.0 -1495.3316712067067 3311
-18 2760 -4188.760981682193 2750.0 -1438.7609816811932 3311
-16 2760 -4132.190415404359 2750.0 -1382.1904154033587 3311
-14 2760 -4075.6199716846313 2750.0 -1325.6199716836313 3311
-12 2760 -4019.049644990504 2750.0 -1269.049644989504 3311
-10 2760 -3962.479434119974 2750.0 -1212.479434118974 3311
-8 2760 -3905.909339073056 2750.0 -1155.909339072056 3311
-6 2760 -3849.339356866956 2750.0 -1099.3393568659562 3311
-4 2760 -3792.769483086391 2750.0 -1042.7694830853911 3311
-2 2760 -3736.1997176907316 2750.0 -986.1997176897316 3311
0 2760 -3679.6300601838448 2750.0 -929.6300601828448 3311
-30 2770 -4419.85122830022 2750.0 -1669.85122829922 3311
-28 2770 -4363.280146045523 2750.0 -1613.280146044523 3311
-26 2770 -4306.709194770025 2750.0 -1556.7091947690246 3311
-24 2770 -4250.138371470486 2750.0 -1500.1383714694862 3311
-22 2770 -4193.567671472905 2750.0 -1443.5676714719052 3311
-20 2770 -4136.99709472293 2750.0 -1386.9970947219304 3311
-18 2770 -4080.4266407761897 2750.0 -1330.4266407751898 3311
-16 2770 -4023.8563042407186 2750.0 -1273.8563042397186 3311
-14 2770 -3967.286083528932 2750.0 -1217.286083527932 3311
-12 2770 -3910.715978640743 2750.0 -1160.7159786397428 3311
-10 2770 -3854.1459871325205 2750.0 -1104.1459871315205 3311
-8 2770 -3797.576104142674 2750.0 -1047.576104141674 3311
-6 2770 -3741.006329537806 2750.0 -991.0063295368059 3311
-4 2770 -3684.4366630282457 2750.0 -934.4366630272457 3311
-2 2770 -3627.867099260344 2750.0 -877.8670992593438 3311
0 2770 -3571.2976362232585 2750.0 -821.2976362222585 3311
-30 2780 -4311.515906500514 2750.0 -1561.5159064995137 3311
-28 2780 -4254.945072623057 2750.0 -1504.945072622057 3311
-26 2780 -4198.374362153423 2750.0 -1448.3743621524231 3311
-24 2780 -4141.803774931323 2750.0 -1391.8037749303226 3311
-22 2780 -4085.2333107039303 2750.0 -1335.2333107029303 3311
-20 2780 -4028.6629643272317 2750.0 -1278.6629643262318 3311
-18 2780 -3972.0927337741014 2750.0 -1222.0927337731014 3311
-16 2780 -3915.52261904467 2750.0 -1165.5226190436701 3311
-14 2780 -3858.952618180556 2750.0 -1108.9526181795559 3311
-12 2780 -3802.3827259814716 2750.0 -1052.3827259804716 3311
-10 2780 -3745.8129421673802 2750.0 -995.8129421663803 3311
-8 2780 -3689.2432665998203 2750.0 -939.2432665988204 3311
-6 2780 -3632.673694273093 2750.0 -882.6736942720931 3311
-4 2780 -3576.104222677066 2750.0 -826.104222676066 3311
-2 2780 -3519.534851811797 2750.0 -769.5348518107971 3311
0 2780 -3462.9655803180067 2750.0 -712.9655803170067 3311
-30 2790 -4203.181053723674 2750.0 -1453.1810537226743 3311
-28 2790 -4146.610456029506 2750.0 -1396.6104560285062 3311
-26 2790 -4090.039981467926 2750.0 -1340.0399814669258 3311
-24 2790 -4033.4696252498543 2750.0 -1283.4696252488543 3311
-22 2790 -3976.899384855482 2750.0 -1226.899384854482 3311
-20 2790 -3920.3292602847214 2750.0 -1170.3292602837214 3311
-18 2790 -3863.759250011077 2750.0 -1113.7592500100768 3311
-16 2790 -3807.1893486027548 2750.0 -1057.1893486017548 3311
-14 2790 -3750.619555579411 2750.0 -1000.6195555784111 3311
-12 2790 -3694.049870898627 2750.0 -944.049870897627 3311
-10 2790 -3637.4802900130744 2750.0 -887.4802900120744 3311
-8 2790 -3580.910809858149 2750.0 -830.9108098571492 3311
-6 2790 -3524.3414304339967 2750.0 -774.3414304329967 3311
-4 2790 -3467.7721507112437 2750.0 -717.7721507102437 3311
-2 2790 -3411.202965963894 2750.0 -661.2029659628938 3311
0 2790 -3354.6338756046607 2750.0 -604.6338756036607 3311
-30 2800 -4094.84665306806 2750.0 -1344.8466530670598 3311
-28 2800 -4038.276287008761 2750.0 -1288.2762870077609 3311
-26 2800 -3981.706036773059 2750.0 -1231.7060367720592 3311
-24 2800 -3925.135902360955 2750.0 -1175.1359023599548 3311
-22 2800 -3868.5658826241415 2750.0 -1118.5658826231415 3311
-20 2800 -3811.9959720065963 2750.0 -1061.9959720055963 3311
-18 2800 -3755.4261697739857 2750.0 -1005.4261697729858 3311
-16 2800 -3698.856475924753 2750.0 -948.8564759237529 3311
-14 2800 -3642.2868864802585 2750.0 -892.2868864792586 3311
-12 2800 -3585.7173977664643 2750.0 -835.7173977654643 3311
-10 2800 -3529.148009783399 2750.0 -779.1480097823992 3311
-8 2800 -3472.578721785947 2750.0 -722.578721784947 3311
-6 2800 -3416.0095290185855 2750.0 -666.0095290175855 3311
-4 2800 -3359.440430639428 2750.0 -609.4404306384281 3311
-2 2800 -3302.871426648402 2750.0 -552.8714266474021 3311
0 2800 -3246.30251665588 2750.0 -496.30251665488004 3311
-30 2810 -3986.512689526804 2750.0 -1236.512689525804 3311
-28 2810 -3929.9425452734577 2750.0 -1179.9425452724577 3311
-26 2810 -3873.372516019648 2750.0 -1123.3725160186482 3311
-24 2810 -3816.802596192865 2750.0 -1066.8025961918652 3311
-22 2810 -3760.232784751017 2750.0 -1010.2327847500169 3311
-20 2810 -3703.663081694118 2750.0 -953.6630816931179 3311
-18 2810 -3647.0934836746455 2750.0 -897.0934836736456 3311
-16 2810 -3590.523986401997 2750.0 -840.5239864009968 3311
-14 2810 -3533.954589860048 2750.0 -783.9545898590482 3311
-12 2810 -3477.3852935420437 2750.0 -727.3852935410437 3311
-10 2810 -3420.816092754758 2750.0 -670.8160927537579 3311
-8 2810 -3364.246986355589 2750.0 -614.2469863545889 3311
-6 2810 -3307.6779743446386 2750.0 -557.6779743436387 3311
-4 2810 -3251.1090563987673 2750.0 -501.1090563977673 3311
-2 2810 -3194.540231984196 2750.0 -444.540231983196 3311
0 2810 -3137.971501092892 2750.0 -387.97150109189215 3311
-30 2820 -3878.1791501976695 2750.0 -1128.1791501966695 3311
-28 2820 -3821.609221161605 2750.0 -1071.609221160605 3311
-26 2820 -3765.039400510519 2750.0 -1015.039400509519 3311
-24 2820 -3708.4696882443823 2750.0 -958.4696882433823 3311
-22 2820 -3651.9000815963227 2750.0 -901.9000815953227 3311
-20 2820 -3595.3305757647468 2750.0 -845.3305757637468 3311
-18 2820 -3538.761170663929 2750.0 -788.7611706629291 3311
-16 2820 -3482.191865979592 2750.0 -732.191865978592 3311
-14 2820 -3425.6226571723237 2750.0 -675.6226571713237 3311
-12 2820 -3369.0535427532013 2750.0 -619.0535427522013 3311
-10 2820 -3312.4845227222686 2750.0 -562.4845227212686 3311
-8 2820 -3255.915596816849 2750.0 -505.91559681584886 3311
-6 2820 -3199.346764455797 2750.0 -449.3467644547968 3311
-4 2820 -3142.7780256180267 2750.0 -392.77802561702674 3311
-2 2820 -3086.209380257191 2750.0 -336.2093802561908 3311
0 2820 -3029.6408273077977 2750.0 -279.64082730679775 3311
-30 2830 -3769.846017052536 2750.0 -1019.8460170515359 3311
-28 2830 -3713.276295577176 2750.0 -963.2762955761759 3311
-26 2830 -3656.706680245232 2750.0 -906.7066802442318 3311
-24 2830 -3600.137165854787 2750.0 -850.1371658537869 3311
-22 2830 -3543.5677521950856 2750.0 -793.5677521940856 3311
-20 2830 -3486.9984390986065 2750.0 -736.9984390976065 3311
-18 2830 -3430.4292222713557 2750.0 -680.4292222703557 3311
-16 2830 -3373.860099832251 2750.0 -623.8600998312509 3311
-14 2830 -3317.2910717813647 2750.0 -567.2910717803647 3311
-12 2830 -3260.7221379101247 2750.0 -510.72213790912474 3311
-10 2830 -3204.1532976025774 2750.0 -454.1532976015774 3311
-8 2830 -3147.584550818312 2750.0 -397.584550817312 3311
-6 2830 -3091.015897537698 2750.0 -341.01589753669805 3311
-4 2830 -3034.4473367740866 2750.0 -284.4473367730866 3311
-2 2830 -2977.8788679765858 2750.0 -227.87886797558576 3311
0 2830 -2921.31049114521 2750.0 -171.31049114421012 3311
-30 2840 -3661.5132796213147 2750.0 -911.5132796203147 3311
-28 2840 -3604.94375667203 2750.0 -854.9437566710299 3311
-26 2840 -3548.3743344534596 2750.0 -798.3743344524596 3311
-24 2840 -3491.8050128990435 2750.0 -741.8050128980435 3311
-22 2840 -3435.2357880517957 2750.0 -685.2357880507957 3311
-20 2840 -3378.666657592781 2750.0 -628.6666575917811 3311
-18 2840 -3322.0976215218834 2750.0 -572.0976215208834 3311
-16 2840 -3265.528679678624 2750.0 -515.528679677624 3311
-14 2840 -3208.959831424567 2750.0 -458.9598314235668 3311
-12 2840 -3152.3910766938498 2750.0 -402.39107669284977 3311
-10 2840 -3095.822415482122 2750.0 -345.8224154811219 3311
-8 2840 -3039.2538469043357 2750.0 -289.25384690333567 3311
-6 2840 -2982.685370292689 2750.0 -232.6853702916892 3311
-4 2840 -2926.116985647139 2750.0 -176.1169856461388 3311
-2 2840 -2869.548692791286 2750.0 -119.54869279028615 3311
0 2840 -2812.9804908140504 2750.0 -62.98049081305043 3311
-30 2850 -3553.180917439022 2750.0 -803.1809174380219 3311
-28 2850 -3496.6115873809176 2750.0 -746.6115873799176 3311
-26 2850 -3440.042354513731 2750.0 -690.042354512731 3311
-24 2850 -3383.4732160346903 2750.0 -633.4732160336903 3311
-22 2850 -3326.9041719438683 2750.0 -576.9041719428683 3311
-20 2850 -3270.3352221222303 2750.0 -520.3352221212303 3311
-18 2850 -3213.766365921707 2750.0 -463.7663659207069 3311
-16 2850 -3157.197603244538 2750.0 -407.1976032435382 3311
-14 2850 -3100.6289340905787 2750.0 -350.6289340895787 3311
-12 2850 -3044.0603576985304 2750.0 -294.06035769753043 3311
-10 2850 -2987.4918732727383 2750.0 -237.4918732717383 3311
-8 2850 -2930.923480812955 2750.0 -180.92348081195496 3311
-6 2850 -2874.355180194296 2750.0 -124.35518019329582 3311
-4 2850 -2817.786970506335 2750.0 -67.7869705053349 3311
-2 2850 -2761.2188515670714 2750.0 -11.218851566071397 3311
0 2850 -2683.03989322322 2683.03989322222 1.0575400665464694e-14 3311
-30 2860 -3444.848921657045 2750.0 -694.8489216560451 3311
-28 2860 -3388.2797751580656 2750.0 -638.2797751570656 3311
-26 2860 -3331.710723047261 2750.0 -581.7107230462611 3311
-24 2860 -3275.1417652411037 2750.0 -525.1417652401037 3311
-22 2860 -3218.572901094114 2750.0 -468.57290109311407 3311
-20 2860 -3162.0041304704064 2750.0 -412.0041304694064 3311
-18 2860 -3105.4354533699952 2750.0 -355.43545336899524 3311
-16 2860 -3048.8668691566854 2750.0 -298.86686915568544 3311
-14 2860 -2992.2983769166894 2750.0 -242.29837691568946 3311
-12 2860 -2935.729976642804 2750.0 -185.72997664180411 3311
-10 2860 -2879.161668252418 2750.0 -129.16166825141818 3311
-8 2860 -2822.593450853674 2750.0 -72.59345085267385 3311
-6 2860 -2766.0253242037725 2750.0 -16.02532420277247 3311
-4 2860 -2690.1383917155763 2690.1383917145763 1.0575400665464694e-14 3311
-2 2860 -2606.6118500453886 2606.6118500443886 1.0575400665464694e-14 3311
0 2860 -2523.0852480973263 2523.0852480963263 1.0575400665464694e-14 3311
-30 2870 -3336.5172748321056 2750.0 -586.5172748311056 3311
-28 2870 -3279.9483090351423 2750.0 -529.9483090341423 3311
-26 2870 -3223.379436941701 2750.0 -473.379436940701 3311
-24 2870 -3166.8106583715125 2750.0 -416.81065837051256 3311
-22 2870 -3110.241973324577 2750.0 -360.241973323577 3311
-20 2870 -3053.673381278786 2750.0 -303.6733812777861 3311
-18 2870 -2997.10488122463 2750.0 -247.10488122362995 3311
-16 2870 -2940.5364731365407 2750.0 -190.53647313554075 3311
-14 2870 -2883.968156965697 2750.0 -133.96815696469685 3311
-12 2870 -2827.3999318562273 2750.0 -77.39993185522734 3311
-10 2870 -2770.8317974955717 2750.0 -20.831797494571664 3311
-8 2870 -2697.2351688608032 2697.2351688598033 1.0575400665464694e-14 3311
-6 2870 -2613.708785730414 2613.708785729414 1.0575400665464694e-14 3311
-4 2870 -2530.1822186123754 2530.1822186113754 1.0575400665464694e-14 3311
-2 2870 -2446.6570708954678 2446.657070894468 1.0575400665464694e-14 3311
0 2870 -2363.132222619548 2363.132222618548 1.0575400665464694e-14 3311
-30 2880 -3228.185973464453 2750.0 -478.18597346345314 3311
-28 2880 -3171.617186947842 2750.0 -421.61718694684214 3311
-26 2880 -3115.0484939544112 2750.0 -365.04849395341125 3311
-24 2880 -3058.4798940648325 2750.0 -308.4798940638325 3311
-22 2880 -3001.9113861965016 2750.0 -251.91138619550156 3311
-20 2880 -2945.342970294296 2750.0 -195.34297029329582 3311
-18 2880 -2888.77464633419 2750.0 -138.77464633319005 3311
-16 2880 -2832.2064135139517 2750.0 -82.2064135129517 3311
-14 2880 -2775.6382714425854 2750.0 -25.638271441585392 3311
-12 2880 -2704.3319480658683 2704.3319480648684 1.0575400665464694e-14 3311
-10 2880 -2620.805723464611 2620.8057234636112 1.0575400665464694e-14 3311
-8 2880 -2537.2791911768436 2537.2791911758436 1.0575400665464694e-14 3311
-6 2880 -2453.7540184963145 2453.7540184953145 1.0575400665464694e-14 3311
-4 2880 -2370.2291446850722 2370.2291446840723 1.0575400665464694e-14 3311
-2 2880 -2286.7045726781216 2286.7045726771216 1.0575400665464694e-14 3311
0 2880 -2203.180366399378 2203.180366398378 1.0575400665464694e-14 3311
-30 2890 -3119.85501525944 2750.0 -369.85501525843983 3311
-28 2890 -3063.2864075148827 2750.0 -313.28640751388275 3311
-26 2890 -3006.7178918323625 2750.0 -256.7178918313625 3311
-24 2890 -2950.1494681159675 2750.0 -200.14946811496748 3311
-22 2890 -2893.5811363578396 2750.0 -143.58113635683958 3311
-20 2890 -2837.012895826876 2750.0 -87.01289582587604 3311
-18 2890 -2780.444746044712 2750.0 -30.444746043711792 3311
-16 2890 -2711.4287293744565 2711.4287293734565 1.0575400665464694e-14 3311
-14 2890 -2627.9026632480673 2627.9026632470673 1.0575400665464694e-14 3311
-12 2890 -2544.3761657907744 2544.3761657897744 1.0575400665464694e-14 3311
-10 2890 -2460.850968266779 2460.850968265779 1.0575400665464694e-14 3311
-8 2890 -2377.326068920287 2377.326068919287 1.0575400665464694e-14 3311
-6 2890 -2293.8014703789377 2293.8014703779377 1.0575400665464694e-14 3311
-4 2890 -2210.2772299947537 2210.2772299937537 1.0575400665464694e-14 3311
-2 2890 -2126.7517203598545 2126.7517203588545 1.0575400665464694e-14 3311
0 2890 -2043.2280797345156 2043.2280797335156 1.0575400665464694e-14 3311
-30 2900 -3011.524398132169 2750.0 -261.52439813116916 3311
-28 2900 -2954.9559666015703 2750.0 -204.95596660057026 3311
-26 2900 -2898.3876270366454 2750.0 -148.38762703564544 3311
-24 2900 -2841.819378794986 2750.0 -91.81937879398582 3311
-22 2900 -2785.251221302082 2750.0 -35.251221301081834 3311
-20 2900 -2718.525512791137 2718.525512790137 1.0575400665464694e-14 3311
-18 2900 -2634.9996050806367 2634.9996050796367 1.0575400665464694e-14 3311
-16 2900 -2551.4731424540805 2551.4731424530805 1.0575400665464694e-14 3311
-14 2900 -2467.947920206934 2467.947920205934 1.0575400665464694e-14 3311
-12 2900 -2384.422995325105 2384.422995324105 1.0575400665464694e-14 3311
-10 2900 -2300.898370971525 2300.898370970525 1.0575400665464694e-14 3311
-8 2900 -2217.3740964879107 2217.3740964869107 1.0575400665464694e-14 3311
-6 2900 -2133.8485717663134 2133.8485717653134 1.0575400665464694e-14 3311
-4 2900 -2050.324892158518 2050.324892157518 1.0575400665464694e-14 3311
-2 2900 -1966.8016966197029 1966.8016966187029 1.0575400665464694e-14 3311
0 2900 -1883.2789943586104 1883.2789943576104 1.0575400665464694e-14 3311
-30 2910 -2903.194118372514 2750.0 -153.19411837151392 3311
-28 2910 -2846.6258624181646 2750.0 -96.62586241716461 3311
-26 2910 -2790.0576972145645 2750.0 -40.057697213564545 3311
-24 2910 -2725.6222983159532 2725.6222983149532 1.0575400665464694e-14 3311
-22 2910 -2642.0965489624505 2642.0965489614505 1.0575400665464694e-14 3311
-20 2910 -2558.571711285418 2558.571711284418 1.0575400665464694e-14 3311
-18 2910 -2475.0448743167653 2475.0448743157654 1.0575400665464694e-14 3311
-16 2910 -2391.5199238996574 2391.5199238986575 1.0575400665464694e-14 3311
-14 2910 -2307.9952740107983 2307.9952740097983 1.0575400665464694e-14 3311
-12 2910 -2224.4709658789798 2224.47096587798 1.0575400665464694e-14 3311
-10 2910 -2140.9454260707716 2140.9454260697717 1.0575400665464694e-14 3311
-8 2910 -2057.421708130627 2057.421708129627 1.0575400665464694e-14 3311
-6 2910 -1973.8984708330245 1973.8984708320245 1.0575400665464694e-14 3311
-4 2910 -1890.3757256006502 1890.3757255996502 1.0575400665464694e-14 3311
-2 2910 -1806.853526923951 1806.853526922951 1.0575400665464694e-14 3311
0 2910 -1723.3319102430978 1723.3319102420978 1.0575400665464694e-14 3311
-30 2920 -2794.864173782189 2750.0 -44.86417378118903 3311
-28 2920 -2732.7204640554555 2732.7204640544555 1.0575400665464694e-14 3311
-26 2920 -2649.193494893523 2649.193494892523 1.0575400665464694e-14 3311
-24 2920 -2565.668633099034 2565.668633098034 1.0575400665464694e-14 3311
-22 2920 -2482.14183059636 2482.14183059536 1.0575400665464694e-14 3311
-20 2920 -2398.6168546438857 2398.6168546428858 1.0575400665464694e-14 3311
-18 2920 -2315.0921792197623 2315.0921792187623 1.0575400665464694e-14 3311
-16 2920 -2231.567838167917 2231.567838166917 1.0575400665464694e-14 3311
-14 2920 -2148.0438968596573 2148.0438968586573 1.0575400665464694e-14 3311
-12 2920 -2064.5185276509437 2064.5185276499437 1.0575400665464694e-14 3311
-10 2920 -1980.995248594496 1980.995248593496 1.0575400665464694e-14 3311
-8 2920 -1897.472461044279 1897.472461043279 1.0575400665464694e-14 3311
-6 2920 -1813.950212916665 1813.950212915665 1.0575400665464694e-14 3311
-4 2920 -1730.4285467849404 1730.4285467839404 1.0575400665464694e-14 3311
-2 2920 -1646.9074825251737 1646.9074825241737 1.0575400665464694e-14 3311
0 2920 -1563.3870921373164 1563.3870921363164 1.0575400665464694e-14 3311
-30 2930 -2656.2904428737966 2656.2904428727966 1.0575400665464694e-14 3311
-28 2930 -2572.7655569619965 2572.7655569609965 1.0575400665464694e-14 3311
-26 2930 -2489.238789045645 2489.238789044645 1.0575400665464694e-14 3311
-24 2930 -2405.7137875578337 2405.7137875568337 1.0575400665464694e-14 3311
-22 2930 -2322.1890865985188 2322.189086597519 1.0575400665464694e-14 3311
-20 2930 -2238.6647133548686 2238.6647133538686 1.0575400665464694e-14 3311
-18 2930 -2155.1407379411103 2155.1407379401103 1.0575400665464694e-14 3311
-16 2930 -2071.6153507195413 2071.6153507185413 1.0575400665464694e-14 3311
-14 2930 -1988.0920299042336 1988.0920299032337 1.0575400665464694e-14 3311
-12 2930 -1904.5692005540768 1904.5692005530768 1.0575400665464694e-14 3311
-10 2930 -1821.0469031111716 1821.0469031101716 1.0575400665464694e-14 3311
-8 2930 -1737.5251875285467 1737.5251875275467 1.0575400665464694e-14 3311
-6 2930 -1654.0040688585286 1654.0040688575286 1.0575400665464694e-14 3311
-4 2930 -1570.4836206580367 1570.4836206570367 1.0575400665464694e-14 3311
-2 2930 -1486.9638534755213 1486.9638534745213 1.0575400665464694e-14 3311
0 2930 -1403.4447992458881 1403.4447992448881 1.0575400665464694e-14 3311
-30 2940 -2496.335749664431 2496.335749663431 1.0575400665464694e-14 3311
-28 2940 -2412.810722641283 2412.810722640283 1.0575400665464694e-14 3311
-26 2940 -2329.285996146762 2329.285996145762 1.0575400665464694e-14 3311
-24 2940 -2245.7615914393973 2245.7615914383973 1.0575400665464694e-14 3311
-22 2940 -2162.237581920228 2162.237581919228 1.0575400665464694e-14 3311
-20 2940 -2078.7121773361287 2078.7121773351287 1.0575400665464694e-14 3311
-18 2940 -1995.188814761903 1995.188814760903 1.0575400665464694e-14 3311
-16 2940 -1911.6659436531336 1911.6659436521336 1.0575400665464694e-14 3311
-14 2940 -1828.1435975072527 1828.1435975062527 1.0575400665464694e-14 3311
-12 2940 -1744.6218324737565 1744.6218324727565 1.0575400665464694e-14 3311
-10 2940 -1661.1006601038243 1661.1006601028243 1.0575400665464694e-14 3311
-8 2940 -1577.5801540907414 1577.5801540897414 1.0575400665464694e-14 3311
-6 2940 -1494.0603286083642 1494.0603286073642 1.0575400665464694e-14 3311
-4 2940 -1410.541212270531 1410.5412122695311 1.0575400665464694e-14 3311
-2 2940 -1327.0228268915089 1327.022826890509 1.0575400665464694e-14 3311
0 2940 -1243.5051606391498 1243.5051606381498 1.0575400665464694e-14 3311
-30 2950 -2336.3829078648414 2336.3829078638414 1.0575400665464694e-14 3311
-28 2950 -2252.8584724219836 2252.8584724209836 1.0575400665464694e-14 3311
-26 2950 -2169.3344287972723 2169.3344287962723 1.0575400665464694e-14 3311
-24 2950 -2085.8090075009677 2085.8090074999677 1.0575400665464694e-14 3311
-22 2950 -2002.2856031678239 2002.2856031668239 1.0575400665464694e-14 3311
-20 2950 -1918.7626903003256 1918.7626902993256 1.0575400665464694e-14 3311
-18 2950 -1835.2402961051412 1835.2402961041412 1.0575400665464694e-14 3311
-16 2950 -1751.7184816206864 1751.7184816196864 1.0575400665464694e-14 3311
-14 2950 -1668.1972562615265 1668.1972562605265 1.0575400665464694e-14 3311
-12 2950 -1584.6766924357798 1584.6766924347799 1.0575400665464694e-14 3311
-10 2950 -1501.1568090135115 1501.1568090125115 1.0575400665464694e-14 3311
-8 2950 -1417.6376305722952 1417.6376305712952 1.0575400665464694e-14 3311
-6 2950 -1334.1191830855387 1334.1191830845387 1.0575400665464694e-14 3311
-4 2950 -1250.6014575107256 1250.6014575097256 1.0575400665464694e-14 3311
-2 2950 -1167.0844154911174 1167.0844154901174 1.0575400665464694e-14 3311
0 2950 -1083.5680496683926 1083.5680496673926 1.0575400665464694e-14 3311
