-30 2750 -5215.318264310132 4815.318264309131 -400
-28 2750 -5137.308943851473 4737.308943850472 -400
-26 2750 -5059.3025666808535 4659.302566679853 -400
-24 2750 -4981.299034517317 4581.299034516316 -400
-22 2750 -4903.298240937351 4503.29824093635 -400
-20 2750 -4825.300529317479 4425.300529316479 -400
-18 2750 -4747.305731375236 4347.305731374236 -400
-16 2750 -4669.313654085272 4269.313654084272 -400
-14 2750 -4591.3251385988115 4191.325138597811 -400
-12 2750 -4513.34029489712 4113.340294896119 -400
-10 2750 -4435.358305937218 4035.3583059362177 -400
-8 2750 -4357.379008226679 3957.3790082256787 -400
-6 2750 -4279.405682464741 3879.4056824637414 -400
-4 2750 -4201.435533262571 3801.435533261571 -400
-2 2750 -4123.468319096239 3723.4683190952387 -400
0 2750 -4045.50301974568 3645.50301974468 -400
-30 2760 -5062.632798785053 4662.632798784052 -400
-28 2760 -4984.630970690399 4584.630970689399 -400
-26 2760 -4906.6318214185885 4506.631821417588 -400
-24 2760 -4828.63596465216 4428.635964651159 -400
-22 2760 -4750.642912443378 4350.642912442378 -400
-20 2760 -4672.652626315656 4272.652626314655 -400
-18 2760 -4594.6654846586025 4194.665484657602 -400
-16 2760 -4516.6816510337085 4116.681651032708 -400
-14 2760 -4438.700749118972 4038.7007491179725 -400
-12 2760 -4360.722858771071 3960.7228587700706 -400
-10 2760 -4282.748363772465 3882.7483637714654 -400
-8 2760 -4204.776685916717 3804.776685915717 -400
-6 2760 -4126.807956185206 3726.8079561842064 -400
-4 2760 -4048.8419677065394 3648.8419677055394 -400
-2 2760 -3970.8797924961837 3570.8797924951837 -400
0 2760 -3892.9204074529116 3492.9204074519116 -400
-30 2770 -4909.968702300714 4509.968702299713 -400
-28 2770 -4831.973191972109 4431.9731919711085 -400
-26 2770 -4753.980637315719 4353.9806373147185 -400
-24 2770 -4675.990759198103 4275.990759197102 -400
-22 2770 -4598.003975781423 4198.0039757804225 -400
-20 2770 -4520.020548786502 4120.020548785502 -400
-18 2770 -4442.040082040869 4042.0400820398686 -400
-16 2770 -4364.062727511497 3964.0627275104966 -400
-14 2770 -4286.089178749724 3886.089178748724 -400
-12 2770 -4208.118619035842 3808.118619034842 -400
-10 2770 -4130.15197653044 3730.15197652944 -400
-8 2770 -4052.189647627616 3652.189647626616 -400
-6 2770 -3974.2311027908 3574.2311027898 -400
-4 2770 -3896.2736048360093 3496.2736048350093 -400
-2 2770 -3818.3188936483057 3418.3188936473057 -400
0 2770 -3740.365653659508 3340.365653658508 -400
-30 2780 -4757.319473093972 4357.319473092972 -400
-28 2780 -4679.3313257219415 4279.331325720941 -400
-26 2780 -4601.346273941221 4201.34627394022 -400
-24 2780 -4523.364784039353 4123.364784038353 -400
-22 2780 -4445.3860490524385 4045.3860490514385 -400
-20 2780 -4367.410032364278 3967.410032363278 -400
-18 2780 -4289.437470522695 3889.4374705216946 -400
-16 2780 -4211.4680725379585 3811.4680725369585 -400
-14 2780 -4133.50161119306 3733.50161119206 -400
-12 2780 -4055.5381290009973 3655.5381289999973 -400
-10 2780 -3977.5780678267474 3577.5780678257474 -400
-8 2780 -3899.6207947035 3499.6207947025 -400
-6 2780 -3821.666349519277 3421.666349518277 -400
-4 2780 -3743.7133259374386 3343.7133259364387 -400
-2 2780 -3665.7656944104383 3265.7656944094383 -400
0 2780 -3587.820737646951 3187.820737645951 -400
-30 2790 -4604.691934041228 4204.691934040227 -400
-28 2790 -4526.7108999254415 4126.710899924441 -400
-26 2790 -4448.7326553135645 4048.7326553125645 -400
-24 2790 -4370.757039755685 3970.7570397546847 -400
-22 2790 -4292.784869837444 3892.7848698364437 -400
-20 2790 -4214.815861651994 3814.815861650994 -400
-18 2790 -4136.850461154594 3736.850461153594 -400
-16 2790 -4058.887714374374 3658.887714373374 -400
-14 2790 -3980.929037625727 3580.929037624727 -400
-12 2790 -3902.9752584507223 3502.9752584497223 -400
-10 2790 -3825.023169358057 3425.023169357057 -400
-8 2790 -3747.072398899676 3347.072398898676 -400
-6 2790 -3669.126691154059 3269.126691153059 -400
-4 2790 -3591.183636677524 3191.183636676524 -400
-2 2790 -3513.2432965924672 3113.2432965914672 -400
0 2790 -3435.3062824586377 3035.3062824576377 -400
-30 2800 -4452.082980272957 4052.082980271957 -400
-28 2800 -4374.109116909196 3974.109116908196 -400
-26 2800 -4296.138785872958 3896.1387858719577 -400
-24 2800 -4218.17169221527 3818.17169221427 -400
-22 2800 -4140.207345862727 3740.2073458617274 -400
-20 2800 -4062.2457146144734 3662.2457146134734 -400
-18 2800 -3984.287815363612 3584.287815362612 -400
-16 2800 -3906.3328192594054 3506.3328192584054 -400
-14 2800 -3828.3809589785087 3428.3809589775087 -400
-12 2800 -3750.4304405399307 3350.4304405389307 -400
-10 2800 -3672.4847775249655 3272.4847775239655 -400
-8 2800 -3594.541964118427 3194.541964117427 -400
-6 2800 -3516.6018813111004 3116.6018813101005 -400
-4 2800 -3438.665129366389 3038.665129365389 -400
-2 2800 -3360.7318837247585 2960.7318837237585 -400
0 2800 -3282.8012821246084 2882.8012821236084 -400
-30 2810 -4299.495730931507 3899.495730930507 -400
-28 2810 -4221.529179065066 3821.5291790640663 -400
-26 2810 -4143.56526729677 3743.56526729577 -400
-24 2810 -4065.6040405023086 3665.6040405013086 -400
-22 2810 -3987.6467322635726 3587.6467322625726 -400
-20 2810 -3909.6929880807875 3509.6929880797875 -400
-18 2810 -3831.741860752605 3431.741860751605 -400
-16 2810 -3753.79361767965 3353.79361767865 -400
-14 2810 -3675.8499922904302 3275.8499922894302 -400
-12 2810 -3597.909172745596 3197.909172744596 -400
-10 2810 -3519.9711865631543 3119.9711865621543 -400
-8 2810 -3442.0367926917534 3042.0367926907534 -400
-6 2810 -3364.1054118098837 2964.1054118088837 -400
-4 2810 -3286.176696576731 2886.176696575731 -400
-2 2810 -3208.250747591461 2808.250747590461 -400
0 2810 -3130.328305687377 2730.328305686377 -400
-30 2820 -4146.930075741402 3746.930075740402 -400
-28 2820 -4068.9705892960483 3668.9705892950483 -400
-26 2820 -3991.015106227671 3591.015106226671 -400
-24 2820 -3913.06241044373 3513.06241044273 -400
-22 2820 -3835.1124562775512 3435.1124562765513 -400
-20 2820 -3757.1640236945823 3357.1640236935823 -400
-18 2820 -3679.2206430325023 3279.2206430315023 -400
-16 2820 -3601.2802119150583 3201.2802119140583 -400
-14 2820 -3523.342833790637 3123.342833789637 -400
-12 2820 -3445.408463213971 3045.408463212971 -400
-10 2820 -3367.477138988179 2967.477138987179 -400
-8 2820 -3289.5486743161455 2889.5486743151455 -400
-6 2820 -3211.6228709372517 2811.6228709362517 -400
-4 2820 -3133.700849341956 2733.700849340956 -400
-2 2820 -3055.7819052355044 2655.7819052345044 -400
0 2820 -2977.8655870638904 2577.8655870628904 -400
-30 2830 -3994.385949213538 3594.385949212538 -400
-28 2830 -3916.433764333211 3516.433764332211 -400
-26 2830 -3838.4842521313694 3438.4842521303694 -400
-24 2830 -3760.5366405710374 3360.5366405700374 -400
-22 2830 -3682.593389013651 3282.593389012651 -400
-20 2830 -3604.6548024553194 3204.6548024543195 -400
-18 2830 -3526.7191667445295 3126.7191667435295 -400
-16 2830 -3448.7867942093435 3048.7867942083435 -400
-14 2830 -3370.8576116109325 2970.8576116099325 -400
-12 2830 -3292.931181006352 2892.931181005352 -400
-10 2830 -3215.0077732100326 2815.0077732090326 -400
-8 2830 -3137.0879627337854 2737.0879627327854 -400
-6 2830 -3059.1709171697876 2659.1709171687876 -400
-4 2830 -2981.2565686244634 2581.2565686234634 -400
-2 2830 -2903.3450530237897 2503.3450530227897 -400
0 2830 -2825.437180118184 2425.437180117184 -400
-30 2840 -3841.8665572875325 3441.8665572865325 -400
-28 2840 -3763.920273344542 3363.920273343542 -400
-26 2840 -3685.9793672687665 3285.9793672677665 -400
-24 2840 -3608.0411713519716 3208.0411713509716 -400
-22 2840 -3530.1056991056685 3130.1056991046685 -400
-20 2840 -3452.173533877576 3052.173533876576 -400
-18 2840 -3374.2446558216907 2974.2446558206907 -400
-16 2840 -3296.3187848358502 2896.3187848348502 -400
-14 2840 -3218.3957072621706 2818.3957072611706 -400
-12 2840 -3140.4758253134496 2740.4758253124496 -400
-10 2840 -3062.5589500786446 2662.5589500776446 -400
-8 2840 -2984.6447887314716 2584.6447887304716 -400
-6 2840 -2906.733488626269 2506.733488625269 -400
-4 2840 -2828.8261086900457 2428.8261086890457 -400
-2 2840 -2750.921520205433 2350.921520204433 -400
0 2840 -2673.01958549938 2273.01958549838 -400
-30 2850 -3689.366498266507 3289.366498265507 -400
-28 2850 -3611.427772177136 3211.427772176136 -400
-26 2850 -3533.492319913261 3133.492319912261 -400
-24 2850 -3455.5617643137084 3055.5617643127084 -400
-22 2850 -3377.6352218671964 2977.6352218661964 -400
-20 2850 -3299.711458057078 2899.711458056078 -400
-18 2850 -3221.790235382461 2821.790235381461 -400
-16 2850 -3143.8724934358033 2743.8724934348033 -400
-14 2850 -3065.957749156383 2665.957749155383 -400
-12 2850 -2988.045763793314 2588.045763792314 -400
-10 2850 -2910.136967332859 2510.136967331859 -400
-8 2850 -2832.2316632477887 2432.2316632467887 -400
-6 2850 -2754.329026977328 2354.329026976328 -400
-4 2850 -2676.4291358212795 2276.4291358202795 -400
-2 2850 -2598.5320262320747 2198.5320262310747 -400
0 2850 -2520.6388134655426 2120.6388134645426 -400
-30 2860 -3536.896741288656 3136.896741287656 -400
-28 2860 -3458.96692418374 3058.96692418274 -400
-26 2860 -3381.040472034889 2981.040472033889 -400
-24 2860 -3303.1167404794833 2903.1167404784833 -400
-22 2860 -3225.1957275847235 2825.1957275837235 -400
-20 2860 -3147.278257367201 2747.278257366201 -400
-18 2860 -3069.3638161432173 2669.3638161422173 -400
-16 2860 -2991.4524845417036 2591.4524845407036 -400
-14 2860 -2913.543709679434 2513.543709678434 -400
-12 2860 -2835.638426246587 2435.638426245587 -400
-10 2860 -2757.7359871406516 2357.7359871396516 -400
-8 2860 -2679.8362170731707 2279.8362170721707 -400
-6 2860 -2601.939565888082 2201.939565887082 -400
-4 2860 -2524.0468087301706 2124.0468087291706 -400
-2 2860 -2446.1566566562105 2046.1566566552106 -400
0 2860 -2368.269135828363 1968.2691358273628 -400
-30 2870 -3384.44360913313 2984.44360913213 -400
-28 2870 -3306.5217614351423 2906.5217614341423 -400
-26 2870 -3228.6029785928113 2828.6029785918113 -400
-24 2870 -3150.6877258800378 2750.6877258790378 -400
-22 2870 -3072.7757546291687 2672.7757546281687 -400
-20 2870 -2994.866302313283 2594.866302312283 -400
-18 2870 -2916.959549103529 2516.959549102529 -400
-16 2870 -2839.0564765699237 2439.0564765689237 -400
-14 2870 -2761.156173732583 2361.156173731583 -400
-12 2870 -2683.2587868533446 2283.2587868523447 -400
-10 2870 -2605.364657010854 2205.364657009854 -400
-8 2870 -2527.4738199816784 2127.4738199806784 -400
-6 2870 -2449.585697691524 2049.585697690524 -400
-4 2870 -2371.700236231307 1971.700236230307 -400
-2 2870 -2293.8178622997802 1893.8178622987803 -400
0 2870 -2215.9391233522474 1815.9391233512474 -400
-30 2880 -3232.029379667423 2832.029379666423 -400
-28 2880 -3154.1144419898337 2754.1144419888337 -400
-26 2880 -3076.202439033572 2676.202439032572 -400
-24 2880 -2998.2931670748803 2598.2931670738803 -400
-22 2880 -2920.386663790967 2520.386663789967 -400
-20 2880 -2842.4838775997923 2442.4838775987923 -400
-18 2880 -2764.583948844418 2364.583948843418 -400
-16 2880 -2686.6870702810847 2286.6870702800848 -400
-14 2880 -2608.7928975812247 2208.7928975802247 -400
-12 2880 -2530.902130120143 2130.902130119143 -400
-10 2880 -2453.0141538655444 2053.0141538645444 -400
-8 2880 -2375.1288941389794 1975.1288941379794 -400
-6 2880 -2297.2470834280102 1897.2470834270102 -400
-4 2880 -2219.368680555621 1819.3686805546208 -400
-2 2880 -2141.4929912371153 1741.4929912361154 -400
0 2880 -2063.620552256136 1663.6205522551359 -400
-30 2890 -3079.6293445982883 2679.6293445972883 -400
-28 2890 -3001.722368040748 2601.722368039748 -400
-26 2890 -2923.8180807441095 2523.8180807431095 -400
-24 2890 -2845.91751666498 2445.91751666398 -400
-22 2890 -2768.020030268279 2368.020030267279 -400
-20 2890 -2690.1250140187913 2290.1250140177913 -400
-18 2890 -2612.2329896669107 2212.2329896659107 -400
-16 2890 -2534.3444308758917 2134.3444308748917 -400
-14 2890 -2456.4586243170197 2056.4586243160197 -400
-12 2890 -2378.575859453995 1978.5758594529948 -400
-10 2890 -2300.6963581173914 1900.6963581163914 -400
-8 2890 -2222.8198929580394 1822.8198929570394 -400
-6 2890 -2144.9461900274327 1744.9461900264328 -400
-4 2890 -2067.0751125996903 1667.0751125986903 -400
-2 2890 -1989.2074605215166 1589.2074605205166 -400
0 2890 -1911.3432004775677 1511.3432004765677 -400
-30 2900 -2927.2680783105316 2527.2680783095316 -400
-28 2900 -2849.3678760092007 2449.3678760082007 -400
-26 2900 -2771.4703657664213 2371.4703657654213 -400
-24 2900 -2693.575595985996 2293.575595984996 -400
-22 2900 -2615.6838195210876 2215.6838195200876 -400
-20 2900 -2537.795528468647 2137.795528467647 -400
-18 2900 -2459.910217565528 2059.910217564528 -400
-16 2900 -2382.027654230915 1982.0276542299148 -400
-14 2900 -2304.14810769452 1904.1481076935202 -400
-12 2900 -2226.2718289621553 1826.2718289611553 -400
-10 2900 -2148.398276228676 1748.398276227676 -400
-8 2900 -2070.527507916515 1670.527507915515 -400
-6 2900 -1992.6603916338063 1592.6603916328063 -400
-4 2900 -1914.7965198892925 1514.7965198882926 -400
-2 2900 -1836.9358530172758 1436.9358530162758 -400
0 2900 -1759.0777237190632 1359.0777237180632 -400
-30 2910 -2774.9234589275147 2374.9234589265147 -400
-28 2910 -2697.030844814886 2297.0308448138862 -400
-26 2910 -2619.1412453018856 2219.1412453008857 -400
-24 2910 -2541.2553026539244 2141.2553026529245 -400
-22 2910 -2463.3720693158684 2063.3720693148684 -400
-20 2910 -2385.4914285037084 1985.4914285027085 -400
-18 2910 -2307.6140459369053 1907.6140459359053 -400
-16 2910 -2229.7399262237013 1829.7399262227013 -400
-14 2910 -2151.8685771804303 1751.8685771794303 -400
-12 2910 -2074.000243858376 1674.000243857376 -400
-10 2910 -1996.1351428598573 1596.1351428588573 -400
-8 2910 -1918.273061563028 1518.273061562028 -400
-6 2910 -1840.4136125043588 1440.4136125033588 -400
-4 2910 -1762.5568627238972 1362.5568627228972 -400
-2 2910 -1684.703712952367 1284.703712951367 -400
0 2910 -1606.8538502059382 1206.8538502049382 -400
-30 2920 -2622.6153089442378 2222.615308943238 -400
-28 2920 -2544.729477713263 2144.729477712263 -400
-26 2920 -2466.8464050847397 2066.8464050837397 -400
-24 2920 -2388.965962272894 1988.965962271894 -400
-22 2920 -2311.088853185938 1911.0888531849382 -400
-20 2920 -2233.214937459401 1833.214937458401 -400
-18 2920 -2155.344077114016 1755.3440771130158 -400
-16 2920 -2077.4757130054495 1677.4757130044495 -400
-14 2920 -1999.6107333879481 1599.6107333869481 -400
-12 2920 -1921.7488483795023 1521.7488483785023 -400
-10 2920 -1843.8896017376683 1443.8896017366683 -400
-8 2920 -1766.03318181551 1366.03318181451 -400
-6 2920 -1688.1809743250196 1288.1809743240196 -400
-4 2920 -1610.3318601337378 1210.3318601327378 -400
-2 2920 -1532.4853318033274 1132.4853318023274 -400
0 2920 -1454.6413868999807 1054.6413868989807 -400
-30 2930 -2470.325834944437 2070.325834943437 -400
-28 2930 -2392.447489245984 1992.447489244984 -400
-26 2930 -2314.5725228193915 1914.5725228183915 -400
-24 2930 -2236.700976826789 1836.700976825789 -400
-22 2930 -2158.8319571296015 1758.8319571286015 -400
-20 2930 -2080.965582752411 1680.9655827514111 -400
-18 2930 -2003.102799088767 1603.102799087767 -400
-16 2930 -1925.242971512358 1525.242971511358 -400
-14 2930 -1847.3859095980442 1447.3859095970442 -400
-12 2930 -1769.5317596077512 1369.5317596067512 -400
-10 2930 -1691.6810091646475 1291.6810091636476 -400
-8 2930 -1613.8331087221159 1213.8331087211159 -400
-6 2930 -1535.9878258184472 1135.9878258174472 -400
-4 2930 -1458.1453228476312 1058.1453228466312 -400
-2 2930 -1380.3051297321654 980.3051297311654 -400
0 2930 -1302.4695323094056 902.4695323084056 -400
-30 2940 -2318.0707942976733 1918.0707942966733 -400
-28 2940 -2240.1992968123086 1840.1992968113086 -400
-26 2940 -2162.330463971637 1762.330463970637 -400
-24 2940 -2084.4642364365427 1684.4642364355427 -400
-22 2940 -2006.6016993989324 1606.6016993979324 -400
-20 2940 -1928.742071094006 1528.742071093006 -400
-18 2940 -1850.8853835629416 1450.8853835619416 -400
-16 2940 -1773.0311644625908 1373.0311644615908 -400
-14 2940 -1695.180647313944 1295.180647312944 -400
-12 2940 -1617.3329333026632 1217.3329333016632 -400
-10 2940 -1539.4879026994167 1139.4879026984167 -400
-8 2940 -1461.6464865494781 1061.6464865484782 -400
-6 2940 -1383.8072946292232 983.8072946282232 -400
-4 2940 -1305.97235150497 905.97235150397 -400
-2 2940 -1228.1399411122839 828.1399411112839 -400
0 2940 -1150.310307689564 750.3103076885641 -400
-30 2950 -2165.8364065397327 1765.8364065387327 -400
-28 2950 -2087.9722057480394 1687.9722057470394 -400
-26 2950 -2010.1118287352438 1610.1118287342438 -400
-24 2950 -1932.254400454316 1532.254400453316 -400
-22 2950 -1854.3994968786865 1454.3994968776865 -400
-20 2950 -1776.5473693693493 1376.5473693683493 -400
-18 2950 -1698.69894955786 1298.69894955686 -400
-16 2950 -1620.8532722405362 1220.8532722395362 -400
-14 2950 -1543.010392369426 1143.010392368426 -400
-12 2950 -1465.1703847805766 1065.1703847795766 -400
-10 2950 -1387.332273884822 987.3322738838219 -400
-8 2950 -1309.498497055436 909.498497054436 -400
-6 2950 -1231.6673895404965 831.6673895394965 -400
-4 2950 -1153.8392624595726 753.8392624585726 -400
-2 2950 -1076.014692681245 676.0146926802449 -400
0 2950 -998.1930447886407 598.1930447876407 -400
